-2607.5
135.0
-1775.0
1355.0
177.5
3985.0
1937.5
-312.5
2410.0
3830.0
142.5
1105.0
-2265.0
-1460.0
3360.0
-1782.5
1160.0
1125.0
1017.5
320.0
2740.0
-3137.5
907.5
-2060.0
1435.0
-1197.5
125.0
985.0
1277.5
1747.5
1020.0
1317.5
-1535.0
1247.5
480.0
-2115.0
1620.0
2532.5
-4807.5
-1677.5
-2542.5
822.5
2827.5
-202.5
-55.0
2797.5
-2132.5
-2482.5
-2590.0
-1107.5
1017.5
882.5
925.0
2595.0
-3687.5
935.0
1350.0
1120.0
-3227.5
1142.5
-827.5
287.5
2882.5
1302.5
315.0
2267.5
1822.5
-322.5
-380.0
2507.5
1452.5
32.5
-700.0
2390.0
-1810.0
-3727.5
620.0
-385.0
-7.5
-3065.0
-2967.5
2512.5
970.0
1925.0
1415.0
-3910.0
-2470.0
1432.5
-635.0
3872.5
715.0
-5965.0
1630.0
-2507.5
2325.0
1657.5
-715.0
-1817.5
1725.0
-1522.5
1357.5
-1967.5
-1635.0
130.0
-1792.5
-1835.0
-235.0
3842.5
-2080.0
-797.5
-3367.5
-1802.5
1630.0
1997.5
2497.5
-7.5
-602.5
1835.0
-1680.0
-2092.5
1045.0
-1937.5
-362.5
1190.0
1117.5
2857.5
960.0
-2745.0
3210.0
-2152.5
-5422.5
-317.5
-4070.0
-857.5
-740.0
2230.0
-3405.0
1227.5
1400.0
2677.5
-5332.5
-3042.5
-1962.5
-227.5
-642.5
-3252.5
992.5
4082.5
-1435.0
330.0
2137.5
-1640.0
-3740.0
837.5
55.0
1960.0
-232.5
-925.0
-2082.5
182.5
1057.5
2355.0
1932.5
1197.5
1010.0
1452.5
242.5
-1445.0
-2012.5
1802.5
-6722.5
-3577.5
-490.0
-1065.0
1667.5
580.0
1625.0
-30.0
3277.5
-4335.0
3185.0
3630.0
1035.0
-2565.0
-3917.5
157.5
-2135.0
1125.0
2.5
5202.5
-40.0
4382.5
-832.5
295.0
-495.0
-4062.5
1190.0
-375.0
-327.5
-1165.0
6167.5
2830.0
-2817.5
1717.5
852.5
-4410.0
422.5
3492.5
-1807.5
2072.5
985.0
2620.0
507.5
-907.5
957.5
-6030.0
-1350.0
-3285.0
1070.0
1202.5
497.5
2705.0
2465.0
-2095.0
-3010.0
-2427.5
-45.0
-225.0
252.5
1400.0
1280.0
-1460.0
2955.0
2010.0
-3972.5
-382.5
-1402.5
-862.5
-3445.0
-797.5
-3732.5
2022.5
-1687.5
7845.0
500.0
-1965.0
-735.0
225.0
-720.0
-1165.0
1187.5
1230.0
852.5
-1067.5
-6772.5
3317.5
1532.5
-1372.5
90.0
815.0
3507.5
-872.5
-2305.0
2352.5
4187.5
-165.0
1262.5
-302.5
-2190.0
965.0
-2100.0
777.5
-115.0
3285.0
-265.0
-220.0
1445.0
-1977.5
-2882.5
1750.0
12.5
-485.0
1570.0
-2025.0
-2705.0
-1902.5
-167.5
92.5
3475.0
-1292.5
-712.5
-3815.0
1922.5
1630.0
1395.0
-3520.0
1917.5
-1042.5
3985.0
3110.0
-1255.0
2232.5
2320.0
-1692.5
1692.5
322.5
-3687.5
3782.5
-377.5
1385.0
-1162.5
-1620.0
1315.0
4562.5
-360.0
3262.5
-3155.0
42.5
2635.0
-490.0
4432.5
1480.0
1695.0
-1852.5
955.0
-1797.5
-132.5
4137.5
3887.5
2937.5
-717.5
2322.5
-565.0
3185.0
-3375.0
4255.0
-2082.5
820.0
-2617.5
2650.0
2207.5
2002.5
1152.5
767.5
5900.0
1680.0
-215.0
-1005.0
-85.0
2665.0
1892.5
-1662.5
-545.0
1330.0
-1810.0
182.5
2542.5
320.0
-302.5
-1032.5
-897.5
1190.0
-895.0
1257.5
397.5
-5.0
1030.0
222.5
3430.0
-3520.0
4335.0
-4042.5
1707.5
902.5
-2920.0
3935.0
4635.0
132.5
-280.0
-737.5
-1425.0
-560.0
1457.5
-842.5
-2765.0
330.0
4075.0
32.5
-2157.5
-970.0
42.5
-372.5
-137.5
245.0
-1462.5
-627.5
-982.5
-2910.0
-5040.0
1115.0
177.5
-125.0
625.0
4097.5
695.0
-47.5
-3217.5
1582.5
2932.5
-420.0
-370.0
-925.0
2647.5
-2225.0
2295.0
-890.0
1572.5
-3635.0
1047.5
1720.0
5057.5
512.5
-945.0
3360.0
782.5
-940.0
-995.0
680.0
-1697.5
825.0
2092.5
3550.0
1515.0
-200.0
-3772.5
1857.5
667.5
1227.5
-300.0
-1915.0
650.0
345.0
-2360.0
2567.5
-2062.5
-1185.0
-2470.0
132.5
1587.5
1882.5
-1795.0
-627.5
962.5
1810.0
-580.0
-900.0
-535.0
-2900.0
1230.0
2142.5
-582.5
-567.5
-3417.5
2202.5
-1670.0
-35.0
550.0
1857.5
2507.5
-822.5
1137.5
2490.0
1257.5
897.5
-230.0
-152.5
1537.5
802.5
2975.0
-1110.0
1567.5
-1120.0
-445.0
3645.0
1472.5
1100.0
-1015.0
-37.5
3337.5
2225.0
1177.5
2785.0
2730.0
4202.5
-482.5
-282.5
-2850.0
-715.0
2352.5
2482.5
-1412.5
3477.5
-2237.5
1552.5
402.5
187.5
-1750.0
-2522.5
-2737.5
-1357.5
5417.5
880.0
-877.5
-1267.5
475.0
-3807.5
4110.0
67.5
-2377.5
4220.0
-1650.0
-292.5
-1615.0
-855.0
2805.0
-610.0
-4695.0
252.5
3032.5
-37.5
-692.5
2147.5
-280.0
450.0
-2845.0
157.5
-3395.0
2592.5
-1622.5
-1282.5
552.5
4877.5
257.5
-205.0
-37.5
-1132.5
2645.0
1895.0
1780.0
-495.0
1080.0
3895.0
345.0
-45.0
2980.0
-2575.0
1287.5
-2895.0
1867.5
2007.5
3142.5
1552.5
-922.5
1517.5
1427.5
1055.0
-1230.0
677.5
-3400.0
-340.0
1077.5
385.0
1395.0
-3495.0
975.0
-950.0
2050.0
-1120.0
-1915.0
-182.5
2.5
1817.5
362.5
1337.5
-95.0
-2237.5
7.5
4432.5
-752.5
-875.0
-3115.0
-3657.5
2932.5
-2075.0
3715.0
1450.0
-1755.0
940.0
-3785.0
-75.0
2427.5
1830.0
2147.5
250.0
-2810.0
-6262.5
-1712.5
-4100.0
445.0
-1847.5
-347.5
-477.5
345.0
-812.5
600.0
860.0
-527.5
-1140.0
-760.0
1777.5
-347.5
-2097.5
1325.0
562.5
3515.0
645.0
-505.0
497.5
-1550.0
-1320.0
1427.5
1772.5
1200.0
-1257.5
1790.0
1242.5
2425.0
645.0
980.0
-2610.0
1042.5
3065.0
937.5
75.0
-1902.5
772.5
3097.5
-32.5
4495.0
5085.0
-312.5
-32.5
-197.5
-2390.0
-472.5
-25.0
837.5
805.0
-52.5
1735.0
3690.0
-3065.0
-1670.0
-712.5
-67.5
355.0
-4522.5
1045.0
585.0
1027.5
435.0
1100.0
4147.5
672.5
1660.0
-1030.0
1317.5
-2092.5
-1092.5
4362.5
-1297.5
-2300.0
-2887.5
1740.0
1767.5
3587.5
-3845.0
2235.0
-395.0
3250.0
-100.0
2535.0
-102.5
-415.0
1470.0
-1322.5
257.5
-1562.5
455.0
-350.0
1600.0
7325.0
1327.5
2315.0
-690.0
357.5
3627.5
1615.0
-1807.5
-2002.5
3715.0
155.0
1690.0
310.0
1327.5
-1685.0
-3205.0
912.5
1240.0
2652.5
-3800.0
3300.0
-2667.5
-2782.5
367.5
-1325.0
1627.5
385.0
2930.0
-1322.5
-1670.0
-2275.0
842.5
505.0
-2385.0
122.5
3130.0
2575.0
-2552.5
160.0
1345.0
-625.0
822.5
-375.0
-1347.5
-1017.5
1635.0
-780.0
1505.0
1920.0
1497.5
-2367.5
3062.5
2387.5
2592.5
-1175.0
735.0
1990.0
1320.0
260.0
-1165.0
-2102.5
-1125.0
865.0
-2885.0
-107.5
-2132.5
1800.0
-1700.0
-3430.0
790.0
-867.5
350.0
50.0
2602.5
3702.5
-2830.0
-567.5
-647.5
-1920.0
150.0
575.0
-147.5
800.0
2042.5
-37.5
1650.0
460.0
390.0
857.5
-592.5
1635.0
-545.0
1595.0
2575.0
1817.5
-340.0
-1937.5
2137.5
-4160.0
1960.0
-2565.0
-555.0
-1025.0
4567.5
-862.5
-980.0
1562.5
-282.5
-2135.0
1985.0
3715.0
-2557.5
-380.0
2702.5
332.5
2495.0
-205.0
-457.5
-497.5
2957.5
100.0
252.5
-1185.0
1010.0
-37.5
1097.5
-147.5
45.0
-245.0
-1212.5
1067.5
-3175.0
2217.5
347.5
2385.0
-630.0
2902.5
3027.5
3297.5
-1562.5
-2190.0
2422.5
1130.0
602.5
-130.0
-967.5
3665.0
95.0
4505.0
125.0
2410.0
-2095.0
-495.0
-1075.0
1755.0
2147.5
1202.5
-4485.0
-335.0
2.5
1312.5
-860.0
712.5
-830.0
-1682.5
-1745.0
697.5
1530.0
1512.5
-5462.5
77.5
-615.0
997.5
3517.5
-1437.5
-1692.5
2952.5
27.5
-1807.5
-632.5
2820.0
197.5
-1662.5
867.5
6937.5
2052.5
-3030.0
-3242.5
2075.0
-207.5
1500.0
-1777.5
1547.5
655.0
1587.5
-4400.0
-1527.5
-2075.0
232.5
115.0
597.5
-110.0
477.5
2410.0
1410.0
-650.0
-262.5
-3170.0
330.0
1010.0
-195.0
-410.0
435.0
-197.5
1037.5
2072.5
-35.0
4360.0
832.5
-397.5
-620.0
-3310.0
620.0
-3482.5
6075.0
-1762.5
-470.0
172.5
-3300.0
1395.0
1982.5
90.0
1060.0
2137.5
2575.0
2375.0
-1207.5
915.0
-572.5
-227.5
535.0
-1910.0
-1237.5
770.0
-1350.0
295.0
337.5
117.5
332.5
597.5
-752.5
3050.0
700.0
-1700.0
560.0
435.0
2457.5
1770.0
-3850.0
-3702.5
3550.0
-2012.5
-915.0
-3157.5
-4587.5
-1835.0
-10.0
-5422.5
-3052.5
1457.5
-1387.5
130.0
12.5
-587.5
2665.0
-1492.5
3530.0
505.0
1327.5
1530.0
820.0
475.0
-1412.5
-1425.0
-5232.5
4870.0
1242.5
2800.0
-6245.0
835.0
1447.5
1622.5
705.0
-2482.5
1992.5
-4995.0
2507.5
765.0
737.5
1425.0
-1760.0
2077.5
-1210.0
57.5
-2935.0
-857.5
1187.5
1437.5
2575.0
1460.0
195.0
-410.0
2082.5
715.0
462.5
805.0
1312.5
1140.0
-1647.5
830.0
-57.5
3862.5
-1172.5
-670.0
-1112.5
-1067.5
552.5
420.0
3105.0
-507.5
1757.5
1400.0
-2880.0
-877.5
900.0
-237.5
-2122.5
250.0
-1222.5
-1572.5
-360.0
-657.5
-730.0
3962.5
-160.0
-2457.5
687.5
3702.5
810.0
702.5
2285.0
1170.0
1705.0
2625.0
-1232.5
-282.5
1722.5
-3287.5
697.5
1865.0
4720.0
1002.5
-77.5
1685.0
990.0
-3005.0
-2717.5
1437.5
-470.0
3307.5
2197.5
-1465.0
-562.5
-5402.5
-2180.0
-1160.0
-2037.5
2310.0
-2095.0
1777.5
3605.0
-892.5
62.5
-100.0
1045.0
265.0
-2530.0
-487.5
-1455.0
3125.0
-3427.5
735.0
3247.5
-602.5
2367.5
-3275.0
-1030.0
742.5
1692.5
1522.5
35.0
127.5
-1212.5
-1367.5
1062.5
707.5
1750.0
1295.0
3495.0
-805.0
5170.0
245.0
-370.0
-3202.5
102.5
4025.0
1830.0
-2632.5
1615.0
2437.5
1747.5
3767.5
1307.5
775.0
-3755.0
3780.0
-132.5
-4485.0
82.5
347.5
-2362.5
1062.5
150.0
-1110.0
-3992.5
-1432.5
-1690.0
745.0
-2110.0
-1492.5
-1312.5
70.0
1402.5
750.0
-2245.0
-657.5
82.5
-1332.5
1265.0
475.0
-1612.5
-892.5
1985.0
-355.0
-1062.5
-2217.5
87.5
2970.0
-1097.5
-1247.5
3080.0
-740.0
2550.0
-1355.0
-520.0
-692.5
5980.0
185.0
1297.5
1345.0
4100.0
900.0
-3022.5
2862.5
4712.5
-737.5
-1757.5
-615.0
-250.0
2692.5
-1275.0
-1647.5
1405.0
765.0
-1807.5
-497.5
100.0
-82.5
3550.0
-422.5
-5425.0
-425.0
-3305.0
585.0
-990.0
-490.0
4567.5
770.0
1267.5
2595.0
2362.5
-2690.0
117.5
3520.0
-2622.5
1010.0
2600.0
-727.5
785.0
-227.5
-2290.0
1422.5
1515.0
-3097.5
2837.5
-1827.5
-3197.5
2082.5
435.0
-327.5
-2045.0
-2895.0
-1067.5
1637.5
-3035.0
1250.0
152.5
-1415.0
642.5
-942.5
2072.5
2255.0
4947.5
2150.0
-3025.0
1190.0
-3425.0
-412.5
4572.5
297.5
1675.0
810.0
-3342.5
2777.5
-1610.0
-2797.5
-3297.5
-570.0
25.0
397.5
-1137.5
2255.0
117.5
1447.5
920.0
2327.5
135.0
3807.5
-1167.5
607.5
5985.0
-377.5
-50.0
822.5
-725.0
867.5
3125.0
215.0
-2087.5
-1215.0
675.0
2672.5
1472.5
927.5
225.0
852.5
2680.0
205.0
185.0
142.5
3610.0
1035.0
-5852.5
-562.5
837.5
15.0
1957.5
1092.5
-772.5
-1152.5
-5292.5
1867.5
480.0
2755.0
-3232.5
-1535.0
665.0
-45.0
-335.0
-3840.0
395.0
415.0
1535.0
787.5
125.0
-840.0
3510.0
-2957.5
-2060.0
3030.0
-1662.5
-2987.5
4442.5
120.0
385.0
-277.5
-1510.0
-1345.0
785.0
-1375.0
1112.5
-370.0
-1010.0
-697.5
-390.0
3570.0
3940.0
-1735.0
-1370.0
-960.0
1185.0
2140.0
1740.0
-1115.0
-972.5
1940.0
2045.0
2220.0
-1575.0
-1732.5
2552.5
-1417.5
-1127.5
1725.0
-4950.0
2457.5
-6417.5
560.0
937.5
-740.0
2510.0
-355.0
-2270.0
-1970.0
1220.0
675.0
-3465.0
455.0
-207.5
1397.5
252.5
-2192.5
1605.0
1082.5
3212.5
4252.5
-1785.0
-1277.5
75.0
2160.0
-387.5
-1395.0
777.5
3685.0
-2532.5
2537.5
-635.0
2092.5
-812.5
945.0
-1020.0
-742.5
2742.5
-1890.0
2762.5
-1132.5
640.0
265.0
1985.0
3912.5
1037.5
-47.5
-547.5
-987.5
-1992.5
715.0
867.5
-1785.0
-3477.5
-3672.5
4932.5
-1600.0
6490.0
-57.5
-1952.5
5592.5
7.5
-2897.5
-2077.5
1652.5
560.0
320.0
1462.5
-42.5
1647.5
2800.0
-262.5
5865.0
1795.0
507.5
-3140.0
3572.5
1035.0
775.0
5085.0
92.5
455.0
2880.0
-817.5
5532.5
1280.0
2452.5
1760.0
1747.5
-647.5
-2030.0
-1540.0
25.0
-22.5
-105.0
-485.0
-2095.0
97.5
-1032.5
-1505.0
660.0
3102.5
1852.5
272.5
-1807.5
3132.5
-1147.5
2620.0
1992.5
4767.5
2500.0
1072.5
1930.0
-412.5
-2372.5
4567.5
3370.0
-102.5
-257.5
3352.5
1595.0
-4230.0
-2515.0
142.5
5275.0
-987.5
3387.5
-1417.5
2237.5
-1225.0
3067.5
-915.0
-387.5
-610.0
-782.5
-697.5
1472.5
1720.0
3317.5
-1830.0
-1765.0
467.5
-1622.5
-1077.5
-2077.5
-472.5
720.0
-2292.5
1437.5
447.5
27.5
1057.5
-3187.5
-757.5
1640.0
2070.0
1150.0
437.5
235.0
4292.5
-7455.0
1595.0
-470.0
-2452.5
-1770.0
-500.0
-717.5
-2900.0
-362.5
20.0
-302.5
772.5
-2530.0
1247.5
-1367.5
245.0
4335.0
-2292.5
-1142.5
-555.0
-3877.5
-1827.5
1680.0
-407.5
2045.0
-5337.5
2542.5
-852.5
-235.0
1137.5
-2245.0
2632.5
1327.5
1990.0
-2502.5
-2105.0
1205.0
-2165.0
1725.0
1320.0
-940.0
1060.0
3465.0
-2345.0
1535.0
3085.0
1582.5
-612.5
1495.0
1655.0
3052.5
640.0
265.0
-197.5
-1007.5
-910.0
-2822.5
335.0
2107.5
667.5
1697.5
-272.5
-2692.5
382.5
6127.5
-380.0
-305.0
1782.5
1387.5
4440.0
795.0
-1557.5
6037.5
1470.0
-1372.5
-1915.0
917.5
-182.5
-980.0
-1202.5
3442.5
-2432.5
1597.5
677.5
-3347.5
-532.5
-1075.0
1010.0
690.0
-2535.0
792.5
3092.5
777.5
-135.0
2057.5
-810.0
30.0
3237.5
1617.5
-1295.0
-2092.5
4365.0
4622.5
1770.0
-1267.5
555.0
-15.0
335.0
1992.5
-557.5
3312.5
1762.5
3150.0
-3805.0
-3125.0
1232.5
1762.5
2880.0
-1547.5
1642.5
-2210.0
305.0
2775.0
2312.5
-530.0
-417.5
-1927.5
-50.0
602.5
862.5
-2270.0
-1285.0
-2650.0
997.5
-365.0
1247.5
-3550.0
-422.5
-3150.0
447.5
-4110.0
-6277.5
-602.5
-50.0
1857.5
2140.0
637.5
-2327.5
-1115.0
-122.5
1592.5
4922.5
-1620.0
50.0
405.0
1630.0
227.5
-1410.0
4055.0
2445.0
-2775.0
0.0
480.0
855.0
115.0
-1030.0
-182.5
5025.0
757.5
-1150.0
1527.5
3857.5
4735.0
-975.0
-3027.5
-1395.0
3345.0
-4455.0
1445.0
3535.0
682.5
-3232.5
1047.5
1305.0
4250.0
-295.0
-3987.5
-1327.5
-425.0
4040.0
-1410.0
1585.0
2262.5
-1975.0
-1822.5
-1175.0
3497.5
-395.0
540.0
-997.5
490.0
1987.5
-2112.5
-1902.5
2355.0
2137.5
-3392.5
2662.5
8285.0
-4055.0
-1032.5
-1422.5
1007.5
2825.0
142.5
-1077.5
822.5
-532.5
2135.0
2865.0
-1902.5
1677.5
242.5
3485.0
-177.5
-1610.0
1487.5
4337.5
-100.0
-202.5
355.0
-1277.5
2570.0
-4535.0
-37.5
-665.0
762.5
-255.0
-545.0
930.0
-100.0
-2185.0
-670.0
140.0
1482.5
3937.5
2172.5
4332.5
-35.0
3955.0
2420.0
597.5
-1060.0
907.5
125.0
-4212.5
-215.0
-897.5
1060.0
-505.0
3107.5
-1490.0
1637.5
-415.0
380.0
2700.0
-842.5
2882.5
2560.0
3950.0
3727.5
1845.0
1130.0
-1330.0
-3762.5
582.5
3462.5
185.0
3422.5
-3145.0
-637.5
-1630.0
1850.0
3170.0
892.5
2277.5
697.5
2325.0
-2107.5
4797.5
-1090.0
1430.0
-587.5
-255.0
-1262.5
2937.5
1615.0
65.0
1145.0
-615.0
-200.0
3560.0
157.5
2315.0
1445.0
315.0
-1710.0
3787.5
2117.5
1250.0
4907.5
-1007.5
1500.0
-1472.5
3152.5
-1625.0
1392.5
4435.0
-135.0
-3550.0
-1440.0
1385.0
1052.5
-1335.0
-292.5
-2902.5
147.5
1277.5
1755.0
-1087.5
1040.0
-15.0
-2105.0
-1120.0
2435.0
-1055.0
1202.5
-737.5
1340.0
-3202.5
225.0
2615.0
615.0
-172.5
620.0
4312.5
-977.5
-1395.0
-1087.5
-4392.5
1400.0
-2200.0
-965.0
1885.0
-52.5
932.5
2657.5
2742.5
-640.0
1255.0
3287.5
-3582.5
-3295.0
-1057.5
752.5
-1035.0
1270.0
-2247.5
-597.5
1600.0
-380.0
-365.0
1632.5
1715.0
-2650.0
-1325.0
-1917.5
-245.0
697.5
1565.0
1135.0
1017.5
-1297.5
-1517.5
1642.5
-947.5
612.5
1570.0
1985.0
-4242.5
550.0
1057.5
-692.5
4150.0
157.5
-1595.0
2010.0
-2455.0
4060.0
217.5
3457.5
4010.0
-1822.5
-3375.0
-2440.0
877.5
-4557.5
407.5
-1125.0
892.5
-1795.0
-767.5
-75.0
-72.5
2005.0
160.0
3045.0
2967.5
-305.0
3912.5
5152.5
730.0
-3925.0
2305.0
837.5
4062.5
-2145.0
727.5
3540.0
-107.5
20.0
865.0
4350.0
-1692.5
-77.5
3555.0
-3772.5
1115.0
2755.0
-265.0
1260.0
2320.0
1630.0
-1755.0
-1362.5
-587.5
2890.0
-2050.0
-3577.5
3762.5
-415.0
890.0
-145.0
1580.0
-350.0
-2247.5
-182.5
717.5
-655.0
-1665.0
2595.0
1077.5
5.0
-702.5
-1642.5
3740.0
-5352.5
1452.5
2497.5
-110.0
-1130.0
3592.5
1707.5
-62.5
-397.5
-812.5
3490.0
-2517.5
2025.0
-1840.0
-1587.5
-315.0
-220.0
2357.5
-1927.5
-2877.5
1987.5
-3430.0
-1435.0
-2617.5
1830.0
3775.0
-1052.5
2492.5
632.5
-1690.0
4207.5
442.5
-760.0
-3420.0
-3532.5
-457.5
80.0
2527.5
6260.0
-1220.0
-837.5
1827.5
-2180.0
-1375.0
4565.0
260.0
842.5
-2705.0
2815.0
-5137.5
-2585.0
757.5
-4162.5
-827.5
-340.0
-3297.5
-4155.0
-710.0
-182.5
-10.0
2820.0
310.0
-202.5
1767.5
1207.5
150.0
372.5
-1000.0
-1905.0
430.0
-3952.5
-812.5
5287.5
-2080.0
1670.0
-895.0
3090.0
2732.5
477.5
472.5
-110.0
1707.5
62.5
-3735.0
-340.0
1650.0
-2412.5
1417.5
-2485.0
-1160.0
2072.5
-1205.0
2292.5
212.5
-2857.5
-417.5
200.0
3777.5
2920.0
-1042.5
-1625.0
1075.0
-1325.0
-765.0
2485.0
3277.5
3822.5
-3695.0
-447.5
487.5
-4105.0
-1160.0
2072.5
4235.0
2770.0
-2790.0
-430.0
-1532.5
547.5
202.5
2185.0
1407.5
-1355.0
-655.0
-657.5
-102.5
2635.0
-2805.0
-415.0
2160.0
450.0
-2315.0
-545.0
687.5
-752.5
992.5
6480.0
-2582.5
-720.0
-315.0
2640.0
720.0
-707.5
-202.5
-495.0
3777.5
-2857.5
-1225.0
4205.0
-1875.0
462.5
3040.0
3087.5
5167.5
4840.0
-517.5
-307.5
-1475.0
-12.5
745.0
1892.5
-1107.5
-267.5
-2362.5
-225.0
-240.0
-667.5
932.5
-1000.0
-1032.5
-2932.5
1092.5
2727.5
-2335.0
352.5
-357.5
1222.5
157.5
240.0
-862.5
757.5
-2935.0
-347.5
2785.0
4530.0
1655.0
-162.5
-1057.5
-130.0
-280.0
617.5
-2865.0
-7.5
22.5
497.5
-1500.0
-2415.0
-2322.5
1280.0
2055.0
-2687.5
-4760.0
-85.0
-1197.5
2145.0
-845.0
-587.5
-2065.0
2762.5
12.5
-520.0
1382.5
1705.0
1255.0
265.0
-927.5
2747.5
-1265.0
-637.5
615.0
372.5
-1372.5
4925.0
-2915.0
1485.0
787.5
1852.5
-5637.5
677.5
1140.0
-3685.0
-640.0
1727.5
1302.5
-645.0
-625.0
805.0
-1657.5
292.5
302.5
-1270.0
-10.0
2597.5
817.5
3772.5
290.0
997.5
-235.0
440.0
-1215.0
2700.0
5100.0
-535.0
-2295.0
240.0
3407.5
-4025.0
-265.0
2562.5
1350.0
4642.5
-217.5
-2370.0
-3212.5
-2740.0
822.5
220.0
1507.5
927.5
1890.0
-2245.0
1732.5
-437.5
1255.0
-895.0
-4162.5
860.0
-240.0
-970.0
1010.0
-625.0
-3105.0
-2270.0
2915.0
975.0
1145.0
922.5
1000.0
4642.5
5320.0
917.5
830.0
2360.0
-857.5
215.0
-825.0
-3492.5
-2475.0
710.0
905.0
-720.0
-782.5
5367.5
-80.0
4065.0
-1970.0
-1312.5
-285.0
-905.0
1895.0
-2247.5
-1167.5
-2035.0
2462.5
4812.5
-867.5
475.0
525.0
465.0
-602.5
162.5
1025.0
-1667.5
-2752.5
2867.5
3680.0
600.0
-187.5
2177.5
932.5
3182.5
295.0
-637.5
1802.5
735.0
1615.0
2242.5
-802.5
5947.5
-480.0
-1227.5
-1892.5
2660.0
-1512.5
-4015.0
3162.5
-2440.0
932.5
1882.5
-365.0
5205.0
-475.0
247.5
-817.5
3527.5
1312.5
-1382.5
990.0
-2535.0
2557.5
1532.5
3602.5
992.5
1992.5
165.0
2237.5
-1487.5
510.0
-992.5
-450.0
3285.0
-862.5
-697.5
705.0
830.0
-3565.0
442.5
-2010.0
1372.5
-3462.5
-322.5
2352.5
-3922.5
2797.5
-605.0
200.0
3240.0
1210.0
-62.5
655.0
1012.5
-1797.5
47.5
-1777.5
1257.5
-2402.5
1350.0
-630.0
-745.0
-397.5
412.5
-262.5
30.0
1390.0
632.5
4042.5
635.0
-1335.0
-285.0
2685.0
4002.5
1890.0
-425.0
792.5
2020.0
-400.0
2595.0
-752.5
4295.0
2777.5
2470.0
1022.5
1072.5
70.0
1657.5
-1597.5
1945.0
-2290.0
-4552.5
-1415.0
3075.0
2402.5
1730.0
652.5
367.5
-3445.0
-2077.5
-622.5
-30.0
2087.5
2980.0
645.0
-62.5
-452.5
-1532.5
-1202.5
-92.5
1517.5
745.0
182.5
-1917.5
-5265.0
-592.5
547.5
-352.5
-952.5
1690.0
1965.0
3237.5
-455.0
542.5
592.5
-485.0
807.5
682.5
3095.0
2152.5
1015.0
-992.5
787.5
-490.0
3315.0
-1262.5
-427.5
-1815.0
-3210.0
162.5
212.5
-2275.0
1507.5
2555.0
-657.5
1325.0
-1302.5
2517.5
667.5
-170.0
-642.5
245.0
1695.0
937.5
-1115.0
-2250.0
922.5
-172.5
1572.5
2267.5
-1322.5
-3620.0
1110.0
270.0
2085.0
1352.5
-925.0
2217.5
1952.5
-970.0
607.5
592.5
-3512.5
-1370.0
3835.0
-165.0
1172.5
885.0
732.5
12.5
3125.0
-372.5
-782.5
2180.0
-400.0
-390.0
-2080.0
-1832.5
-717.5
-1747.5
4422.5
332.5
-1542.5
-1932.5
2217.5
860.0
-3170.0
-442.5
4232.5
785.0
-2305.0
4070.0
-912.5
-817.5
-495.0
3035.0
-755.0
-3310.0
615.0
-1472.5
-1015.0
-4462.5
3247.5
2072.5
-1182.5
987.5
1415.0
-1395.0
467.5
-415.0
3282.5
-495.0
457.5
5162.5
3322.5
85.0
1275.0
425.0
-375.0
-337.5
920.0
-2777.5
-1285.0
-2197.5
-1095.0
432.5
200.0
887.5
-87.5
-720.0
-687.5
-2325.0
-5022.5
957.5
1635.0
2112.5
-2205.0
795.0
900.0
-1492.5
3080.0
-487.5
662.5
-525.0
4195.0
-765.0
-640.0
657.5
1452.5
-172.5
-1887.5
-5362.5
4212.5
2367.5
-3635.0
-1305.0
227.5
-2332.5
1307.5
-422.5
-3920.0
1052.5
-2730.0
-347.5
692.5
2407.5
-2200.0
1247.5
1495.0
2617.5
592.5
192.5
-2307.5
-145.0
-1687.5
990.0
1162.5
695.0
-5085.0
-1147.5
242.5
-1345.0
-212.5
-5655.0
510.0
-987.5
-325.0
540.0
195.0
-1187.5
-5212.5
-2962.5
1880.0
-1400.0
1870.0
3787.5
-1460.0
-1387.5
-802.5
-1767.5
1882.5
-1327.5
2387.5
3042.5
1140.0
-1310.0
-777.5
3292.5
5122.5
225.0
-1575.0
-2860.0
345.0
1390.0
1090.0
-697.5
-5397.5
5660.0
32.5
250.0
-2495.0
-257.5
-2507.5
-1250.0
-1300.0
2147.5
-497.5
-6340.0
1300.0
2422.5
945.0
3847.5
-2922.5
-3372.5
1107.5
-455.0
1027.5
2757.5
-1765.0
-1217.5
4382.5
-1300.0
-265.0
-2160.0
-1547.5
897.5
-362.5
-17.5
3452.5
-402.5
4407.5
-1107.5
-2275.0
-545.0
2610.0
-220.0
1510.0
-2932.5
160.0
-240.0
-312.5
-460.0
-1905.0
-3372.5
1307.5
-25.0
-1922.5
3340.0
-465.0
-3552.5
-137.5
-362.5
742.5
1960.0
-910.0
-1967.5
-2315.0
1700.0
2190.0
850.0
467.5
2370.0
-727.5
-925.0
2192.5
1165.0
185.0
2765.0
3522.5
-25.0
-3982.5
500.0
1162.5
-675.0
-927.5
1400.0
2085.0
-127.5
337.5
-802.5
440.0
-752.5
1640.0
-1375.0
2627.5
935.0
542.5
-747.5
-2727.5
505.0
1340.0
-1770.0
-395.0
-4702.5
1930.0
1595.0
-3042.5
267.5
2202.5
-1555.0
-857.5
135.0
-172.5
-822.5
732.5
-2022.5
2142.5
-1820.0
-292.5
-1312.5
297.5
-3027.5
-2707.5
-345.0
2872.5
835.0
2047.5
2467.5
-1517.5
-1790.0
1930.0
-607.5
1267.5
3372.5
-3415.0
-1945.0
-1300.0
-1977.5
4277.5
-410.0
1742.5
-782.5
1002.5
-880.0
352.5
780.0
3005.0
-3637.5
760.0
1102.5
2247.5
1677.5
2272.5
-257.5
2335.0
1987.5
-377.5
2825.0
107.5
2210.0
1512.5
-1347.5
827.5
-4322.5
1025.0
-150.0
177.5
1697.5
4842.5
-15.0
3197.5
2855.0
-3137.5
725.0
-887.5
-345.0
2280.0
775.0
1442.5
-3962.5
-3290.0
-4162.5
3840.0
715.0
700.0
652.5
-1095.0
-1700.0
-260.0
320.0
2692.5
2087.5
520.0
-745.0
187.5
-835.0
250.0
-85.0
1640.0
-3395.0
2970.0
2420.0
1592.5
3445.0
-2390.0
-1655.0
-1177.5
-1990.0
652.5
-2045.0
2140.0
942.5
3470.0
1155.0
2355.0
-1045.0
-3580.0
142.5
-4067.5
535.0
592.5
-782.5
1157.5
1715.0
1987.5
1560.0
-335.0
75.0
1152.5
-635.0
-2520.0
1122.5
-1385.0
3732.5
2680.0
-3895.0
-735.0
1557.5
4382.5
2177.5
2712.5
-2802.5
1932.5
882.5
-1965.0
-1070.0
-1077.5
2732.5
1325.0
1402.5
1712.5
-995.0
-1142.5
2395.0
-862.5
-287.5
-1825.0
4087.5
2935.0
945.0
-8332.5
-1862.5
1630.0
-637.5
-3127.5
-652.5
2717.5
3307.5
1497.5
752.5
87.5
-212.5
1395.0
3302.5
-1157.5
2005.0
-3767.5
-1510.0
7.5
3337.5
1802.5
3132.5
-1240.0
-1025.0
-1597.5
2547.5
-1190.0
1517.5
-2952.5
1747.5
1335.0
-1720.0
292.5
-7055.0
165.0
-3500.0
-655.0
-2235.0
-2285.0
-1042.5
262.5
195.0
-3215.0
280.0
97.5
1200.0
-1765.0
-1580.0
-522.5
-1285.0
-545.0
-555.0
-1617.5
1725.0
1675.0
1807.5
-3700.0
-1627.5
-2512.5
1825.0
512.5
-637.5
167.5
1755.0
-2377.5
410.0
1682.5
2232.5
-1667.5
315.0
-3500.0
12.5
-657.5
-922.5
-1750.0
332.5
-3325.0
3640.0
827.5
-165.0
1700.0
950.0
195.0
342.5
-482.5
-2227.5
-630.0
1510.0
925.0
1422.5
4222.5
3220.0
1160.0
4875.0
2242.5
505.0
-2262.5
2642.5
505.0
2960.0
-4952.5
-47.5
-105.0
800.0
2100.0
3400.0
-2805.0
-1267.5
2832.5
-827.5
-1627.5
-687.5
115.0
1620.0
2255.0
420.0
1365.0
-5032.5
1540.0
387.5
-2265.0
2267.5
-1445.0
-997.5
-3950.0
-55.0
1350.0
-17.5
-482.5
-2950.0
-655.0
4780.0
-1395.0
1635.0
-4032.5
-1230.0
3717.5
2260.0
1310.0
482.5
1322.5
-1280.0
87.5
1535.0
490.0
1672.5
-1482.5
400.0
-282.5
822.5
-4692.5
4192.5
222.5
-1290.0
-267.5
1097.5
-712.5
3812.5
1665.0
282.5
-2345.0
4215.0
-1272.5
3330.0
1347.5
-682.5
1727.5
-2152.5
4232.5
-317.5
-2557.5
-1842.5
915.0
3087.5
3312.5
-1307.5
3407.5
-317.5
1277.5
-307.5
72.5
95.0
1812.5
-5935.0
217.5
730.0
-360.0
682.5
325.0
1532.5
-925.0
1020.0
-3197.5
-1380.0
2230.0
-1200.0
-3230.0
220.0
1567.5
-805.0
1802.5
-1442.5
530.0
-7205.0
6237.5
6257.5
300.0
760.0
-1475.0
-470.0
-2397.5
2087.5
847.5
792.5
-2830.0
-1800.0
1717.5
-1937.5
2427.5
7.5
-1600.0
2240.0
1475.0
-5112.5
1280.0
-467.5
1195.0
-1462.5
597.5
-1835.0
347.5
-582.5
4072.5
-165.0
735.0
-1315.0
4220.0
-217.5
2212.5
-500.0
-1100.0
-1682.5
2955.0
-1482.5
667.5
-747.5
-2140.0
-4050.0
-547.5
-1900.0
940.0
1340.0
-1932.5
-1395.0
310.0
-3927.5
947.5
2697.5
-302.5
-245.0
1707.5
1245.0
-3340.0
3190.0
1230.0
-737.5
-3800.0
12.5
-3202.5
-157.5
-87.5
1555.0
-25.0
437.5
1272.5
2877.5
-1297.5
1140.0
-855.0
5645.0
1475.0
410.0
-2527.5
-2220.0
-1370.0
-370.0
3312.5
-4590.0
-1070.0
-1255.0
-627.5
-1865.0
-367.5
-2607.5
2187.5
95.0
4342.5
1652.5
2712.5
3070.0
3827.5
1370.0
592.5
2005.0
-1527.5
-8750.0
-52.5
-635.0
542.5
87.5
937.5
705.0
882.5
417.5
2707.5
-2770.0
-1545.0
3445.0
3777.5
860.0
-100.0
275.0
-357.5
20.0
1697.5
1417.5
567.5
-642.5
-550.0
787.5
1425.0
1020.0
445.0
-717.5
3670.0
3277.5
-970.0
3382.5
-1497.5
972.5
2025.0
4320.0
-2915.0
-1420.0
-157.5
292.5
-380.0
2042.5
-1617.5
1275.0
137.5
-2370.0
-380.0
-3472.5
535.0
-3030.0
-775.0
-425.0
1020.0
-1140.0
207.5
1257.5
-1062.5
137.5
-792.5
1315.0
390.0
72.5
1160.0
1355.0
-3292.5
457.5
-580.0
3265.0
2515.0
-1750.0
-347.5
-1295.0
2992.5
2127.5
1520.0
-1532.5
-990.0
30.0
-587.5
-745.0
992.5
1587.5
175.0
-1360.0
-1087.5
4090.0
-1027.5
617.5
1622.5
305.0
-1945.0
147.5
-2267.5
-3237.5
-810.0
1465.0
1662.5
-6580.0
1587.5
-955.0
-1607.5
-2872.5
-202.5
2627.5
290.0
265.0
-1515.0
470.0
4127.5
-2857.5
-1200.0
345.0
3505.0
-400.0
75.0
3840.0
122.5
475.0
827.5
3175.0
3627.5
3577.5
2550.0
-45.0
-1192.5
-732.5
492.5
1940.0
-945.0
-1530.0
2867.5
-1332.5
1317.5
4120.0
1592.5
977.5
1300.0
-4307.5
-142.5
-752.5
-105.0
2237.5
1547.5
-1575.0
-902.5
-2985.0
1592.5
1937.5
-2470.0
572.5
177.5
-2165.0
2230.0
4165.0
1045.0
-2267.5
1315.0
-350.0
425.0
-2015.0
-620.0
932.5
-2695.0
-775.0
-225.0
487.5
112.5
1977.5
230.0
-552.5
905.0
1475.0
1810.0
1785.0
1005.0
-315.0
1857.5
137.5
-2642.5
582.5
-490.0
-3150.0
-1787.5
140.0
-425.0
-887.5
-1555.0
-467.5
1232.5
972.5
-1060.0
935.0
-265.0
367.5
2892.5
2870.0
-1330.0
347.5
3930.0
-2592.5
6040.0
-3930.0
1102.5
250.0
427.5
3345.0
2950.0
1595.0
607.5
-2367.5
-2070.0
330.0
120.0
-1502.5
-1642.5
-75.0
2597.5
2412.5
1460.0
35.0
-2515.0
-2447.5
847.5
-2272.5
-2702.5
1877.5
1075.0
1372.5
-4680.0
50.0
-1057.5
1530.0
-1607.5
-105.0
-507.5
-82.5
200.0
3120.0
2955.0
677.5
-2055.0
1107.5
-587.5
1187.5
132.5
-3157.5
4302.5
-1082.5
-255.0
-175.0
3057.5
-497.5
-2177.5
-1605.0
940.0
770.0
-4170.0
2100.0
-2675.0
1992.5
1157.5
-5605.0
165.0
5652.5
92.5
-1580.0
1335.0
1562.5
-2265.0
-1262.5
-2367.5
-185.0
-1757.5
-672.5
1857.5
2450.0
935.0
2955.0
-587.5
-3170.0
1060.0
987.5
-192.5
687.5
822.5
-2125.0
1487.5
-290.0
397.5
2425.0
17.5
1722.5
-2645.0
1730.0
-4680.0
3025.0
-307.5
445.0
345.0
3235.0
342.5
2477.5
4967.5
-1672.5
-2222.5
-137.5
125.0
-4845.0
-1455.0
425.0
2332.5
-160.0
1992.5
905.0
-1807.5
1865.0
-1467.5
2185.0
-2100.0
115.0
445.0
2152.5
1440.0
1965.0
-170.0
630.0
687.5
402.5
3642.5
3387.5
1375.0
912.5
-715.0
-687.5
-3525.0
1820.0
1585.0
-1152.5
917.5
-4032.5
3960.0
290.0
2192.5
-1822.5
-880.0
3047.5
2247.5
-625.0
1870.0
-402.5
1655.0
-435.0
-250.0
-577.5
-540.0
-142.5
2870.0
3870.0
-145.0
-1472.5
-2902.5
345.0
1747.5
45.0
-587.5
-1477.5
2055.0
-12.5
3982.5
-2855.0
4357.5
-830.0
1627.5
-1807.5
177.5
-2097.5
3335.0
-590.0
-1767.5
872.5
-2577.5
4795.0
-127.5
3240.0
85.0
1207.5
97.5
-2762.5
627.5
1967.5
-645.0
-422.5
-2022.5
-4062.5
-1100.0
1692.5
3832.5
1967.5
-1265.0
1320.0
-6860.0
3132.5
30.0
1872.5
2717.5
-552.5
-1222.5
2265.0
1745.0
1007.5
-82.5
2110.0
-1172.5
-1115.0
-250.0
1425.0
-1997.5
967.5
-2245.0
-940.0
440.0
1282.5
432.5
1737.5
1460.0
1687.5
457.5
-1580.0
1330.0
1340.0
630.0
227.5
827.5
-2107.5
535.0
-4972.5
-152.5
-1970.0
-2280.0
2125.0
2135.0
470.0
-492.5
2490.0
-3422.5
1412.5
-5635.0
1322.5
1145.0
-1227.5
-6380.0
2030.0
-1560.0
-2500.0
-2917.5
4142.5
75.0
-1612.5
-1577.5
-2322.5
2322.5
690.0
4437.5
-1185.0
1262.5
410.0
-785.0
-945.0
2465.0
1842.5
-4085.0
1622.5
2237.5
172.5
-2022.5
890.0
-817.5
297.5
3332.5
1747.5
3810.0
2505.0
2247.5
-667.5
645.0
-580.0
487.5
165.0
1897.5
-807.5
-1185.0
-3030.0
2312.5
-512.5
3115.0
1940.0
-327.5
-2095.0
-2905.0
270.0
2197.5
-465.0
1835.0
-855.0
-1097.5
777.5
492.5
-2917.5
2867.5
1955.0
-1030.0
-2197.5
4992.5
-3627.5
-487.5
415.0
635.0
1250.0
-240.0
3812.5
3610.0
2625.0
-452.5
-1437.5
2275.0
-6730.0
1130.0
7670.0
-2472.5
2592.5
-1225.0
-1565.0
-57.5
515.0
-2295.0
-102.5
2380.0
-2127.5
-1902.5
-932.5
2440.0
3797.5
842.5
2945.0
1385.0
2750.0
627.5
-112.5
392.5
1940.0
4267.5
3292.5
312.5
-1905.0
6270.0
607.5
942.5
632.5
2332.5
-1190.0
-705.0
-2792.5
-1962.5
3530.0
1100.0
-2355.0
240.0
-872.5
1090.0
920.0
1620.0
717.5
-1572.5
1022.5
2480.0
1445.0
-907.5
1517.5
3345.0
-3915.0
-1482.5
-2052.5
2315.0
1760.0
-140.0
1867.5
-545.0
220.0
812.5
2355.0
-2887.5
1397.5
-102.5
1965.0
385.0
317.5
707.5
-167.5
752.5
-115.0
2495.0
3160.0
152.5
-2940.0
-2367.5
547.5
4345.0
-4570.0
225.0
-390.0
-4320.0
-1890.0
3630.0
1920.0
4257.5
1095.0
125.0
-1512.5
-2682.5
-457.5
3362.5
-3485.0
3157.5
807.5
-415.0
650.0
640.0
-510.0
4795.0
-3117.5
-2180.0
1582.5
-2935.0
-462.5
1455.0
1172.5
-3515.0
270.0
-2132.5
730.0
-910.0
-2772.5
322.5
1757.5
-250.0
-1055.0
-2220.0
-150.0
-2387.5
1447.5
1380.0
-1225.0
4090.0
2000.0
770.0
-835.0
285.0
4190.0
3092.5
310.0
-387.5
5945.0
1910.0
890.0
2085.0
20.0
-1320.0
-385.0
-2242.5
340.0
1855.0
5022.5
152.5
-1445.0
872.5
2292.5
2685.0
-3267.5
-1895.0
1800.0
2765.0
-2007.5
1555.0
3172.5
-955.0
-992.5
1350.0
-440.0
390.0
-3492.5
-1180.0
560.0
1762.5
40.0
-292.5
522.5
2085.0
15.0
-45.0
4000.0
-4335.0
-2802.5
-4080.0
-1175.0
205.0
1355.0
1647.5
2932.5
1700.0
925.0
1910.0
1472.5
1407.5
-2070.0
3020.0
1327.5
-130.0
-977.5
1810.0
-1760.0
1825.0
-735.0
1677.5
1242.5
3237.5
-1470.0
970.0
2745.0
100.0
1010.0
2392.5
3362.5
4832.5
1035.0
-470.0
2577.5
4777.5
1412.5
4135.0
232.5
225.0
-337.5
-2755.0
2892.5
647.5
1085.0
1032.5
-222.5
230.0
1602.5
1535.0
-1425.0
-2705.0
-537.5
-85.0
882.5
-840.0
1270.0
2185.0
2605.0
-397.5
3447.5
1462.5
560.0
2137.5
-3387.5
3180.0
1225.0
1267.5
-1155.0
2457.5
-1792.5
-2632.5
2415.0
65.0
-3822.5
1965.0
-1205.0
-470.0
1970.0
1975.0
3052.5
-927.5
2185.0
1190.0
410.0
-712.5
1832.5
-7.5
-3022.5
-1597.5
-160.0
990.0
-1795.0
665.0
-120.0
1297.5
1582.5
1415.0
-3337.5
3067.5
3205.0
-515.0
2562.5
1500.0
-787.5
-2265.0
142.5
1772.5
-2965.0
-3817.5
1430.0
-110.0
605.0
1760.0
-4067.5
-760.0
-390.0
3090.0
2697.5
1870.0
-4627.5
200.0
950.0
2557.5
-495.0
942.5
-1277.5
-20.0
-3680.0
3340.0
-330.0
482.5
-1127.5
482.5
-1882.5
1132.5
-1925.0
-1755.0
2422.5
4890.0
-1100.0
2155.0
-2200.0
3175.0
1010.0
-1547.5
-1935.0
-3267.5
-667.5
1835.0
1525.0
400.0
-2992.5
-2700.0
3965.0
-2970.0
797.5
-907.5
-2257.5
1180.0
-1285.0
372.5
-2560.0
-1470.0
680.0
1847.5
732.5
-1067.5
-1310.0
2152.5
940.0
1705.0
415.0
482.5
3122.5
-1140.0
-4260.0
-4512.5
2880.0
1855.0
4862.5
2095.0
-1582.5
-1900.0
412.5
-700.0
352.5
852.5
-1330.0
-385.0
2237.5
2515.0
205.0
267.5
-8150.0
-292.5
1770.0
-162.5
2300.0
77.5
-1075.0
-167.5
-1452.5
1962.5
-1255.0
-1282.5
-1282.5
325.0
1620.0
2187.5
147.5
-1742.5
2392.5
1322.5
-165.0
300.0
-540.0
1077.5
3555.0
-467.5
5177.5
42.5
-517.5
-70.0
1260.0
1715.0
-775.0
1260.0
2942.5
-4425.0
1052.5
957.5
1772.5
2342.5
1812.5
170.0
-1835.0
-442.5
767.5
-3062.5
-1577.5
-705.0
3360.0
-1205.0
-2090.0
-1415.0
-1350.0
3202.5
92.5
147.5
1200.0
1975.0
565.0
-525.0
-1150.0
2222.5
-3662.5
2070.0
2827.5
1582.5
-1467.5
567.5
3167.5
1362.5
1215.0
-555.0
2790.0
-1430.0
40.0
-827.5
3032.5
1017.5
-2510.0
365.0
-2037.5
-1440.0
-230.0
925.0
-1195.0
4142.5
-1762.5
4520.0
-2567.5
450.0
-2087.5
1935.0
1955.0
-2215.0
-185.0
-1542.5
887.5
60.0
-1847.5
-2980.0
3205.0
-1085.0
437.5
3770.0
-1390.0
-1292.5
4532.5
1412.5
982.5
865.0
157.5
770.0
1207.5
1930.0
-877.5
-132.5
5.0
-790.0
-827.5
1172.5
767.5
2322.5
612.5
-782.5
77.5
1385.0
602.5
4997.5
-1827.5
8080.0
-1050.0
-1097.5
2145.0
-20.0
205.0
1322.5
-2767.5
1572.5
2327.5
-2655.0
1235.0
1105.0
-1070.0
947.5
1850.0
-1325.0
1717.5
1462.5
335.0
2280.0
-1600.0
1425.0
787.5
1352.5
2495.0
3725.0
1552.5
-1995.0
1120.0
-597.5
5297.5
2415.0
-1912.5
-1817.5
-2200.0
910.0
1032.5
137.5
3177.5
802.5
-642.5
-390.0
-1132.5
-457.5
-4365.0
-1215.0
670.0
-465.0
-190.0
4520.0
-1615.0
-3050.0
-760.0
2920.0
3635.0
-617.5
1380.0
-2792.5
2222.5
87.5
-2140.0
-1200.0
-572.5
1730.0
2277.5
-305.0
-775.0
-1940.0
3290.0
-170.0
357.5
-2830.0
277.5
2252.5
5307.5
1342.5
-3720.0
4515.0
330.0
2335.0
2310.0
-2645.0
-477.5
-97.5
135.0
1027.5
225.0
-75.0
-765.0
-2665.0
1325.0
-3500.0
-27.5
1462.5
2640.0
1452.5
6997.5
-232.5
10.0
-4285.0
1542.5
2265.0
1057.5
197.5
-887.5
2447.5
4225.0
-1690.0
-1910.0
2392.5
535.0
1565.0
-157.5
1847.5
357.5
3025.0
1710.0
-937.5
1860.0
-685.0
-677.5
645.0
-2142.5
435.0
-1597.5
2207.5
2285.0
-1370.0
225.0
-2442.5
5847.5
-315.0
115.0
1965.0
-1095.0
800.0
-2427.5
2430.0
2862.5
-845.0
3955.0
1380.0
352.5
2862.5
-1142.5
2560.0
510.0
90.0
-2352.5
2412.5
-950.0
2352.5
680.0
-1075.0
810.0
-2022.5
1542.5
767.5
-3372.5
682.5
-115.0
-1212.5
-507.5
3655.0
105.0
-1555.0
635.0
-987.5
590.0
-92.5
2032.5
815.0
4885.0
-417.5
3970.0
-172.5
-415.0
-42.5
-780.0
-3880.0
1222.5
-615.0
-130.0
2877.5
320.0
-2407.5
-1517.5
-340.0
-1775.0
2755.0
-272.5
-1402.5
880.0
-60.0
-1150.0
272.5
3047.5
1415.0
42.5
1262.5
905.0
-767.5
675.0
2805.0
-1612.5
2317.5
1502.5
-237.5
-3417.5
-2000.0
-1540.0
127.5
-62.5
1055.0
2372.5
1547.5
-362.5
277.5
1907.5
-2855.0
2395.0
905.0
2805.0
20.0
-477.5
-1327.5
3317.5
2137.5
817.5
-537.5
2027.5
1827.5
982.5
-142.5
-1922.5
1597.5
5902.5
3065.0
797.5
-1145.0
-487.5
-512.5
-35.0
1210.0
825.0
972.5
-2300.0
-345.0
2012.5
-2490.0
1490.0
182.5
1782.5
1052.5
-150.0
1622.5
-377.5
2140.0
170.0
-1435.0
2645.0
-1395.0
1092.5
2057.5
4570.0
-2062.5
-3282.5
-3320.0
-2377.5
1755.0
-3075.0
1480.0
207.5
-4907.5
2672.5
-142.5
-1840.0
2650.0
-3282.5
-2287.5
1747.5
2095.0
-187.5
-2327.5
-655.0
-987.5
1530.0
-887.5
-2685.0
-1742.5
-295.0
945.0
865.0
632.5
1880.0
3157.5
-1080.0
1215.0
-1262.5
-1650.0
75.0
-1850.0
-362.5
-3372.5
-5780.0
-3990.0
1560.0
-107.5
902.5
3477.5
-2790.0
5005.0
2747.5
-1972.5
2510.0
2675.0
-350.0
1215.0
-585.0
1120.0
-1035.0
545.0
-3912.5
3877.5
-860.0
1530.0
2687.5
1555.0
615.0
-322.5
-1557.5
-2455.0
-1940.0
-1772.5
230.0
27.5
-377.5
4497.5
1435.0
3217.5
1550.0
530.0
1595.0
295.0
4275.0
-385.0
1662.5
1452.5
-1530.0
605.0
3885.0
-550.0
577.5
-612.5
-180.0
500.0
1142.5
-765.0
2512.5
2267.5
-255.0
3405.0
-447.5
-2757.5
140.0
2282.5
2965.0
-910.0
-1290.0
-1742.5
2265.0
-2175.0
-1617.5
60.0
2605.0
-342.5
155.0
-2367.5
1107.5
795.0
-3385.0
2997.5
-3300.0
-25.0
360.0
-345.0
-1365.0
-2227.5
362.5
4037.5
267.5
-20.0
697.5
-87.5
1590.0
270.0
177.5
-395.0
-205.0
-1657.5
-260.0
207.5
1300.0
2647.5
-997.5
2042.5
-852.5
1612.5
50.0
632.5
1457.5
1327.5
1547.5
462.5
797.5
4465.0
2850.0
-1437.5
215.0
-440.0
40.0
-87.5
817.5
1102.5
-1772.5
1022.5
-497.5
-945.0
732.5
-1175.0
-750.0
-512.5
-2047.5
95.0
-2582.5
2685.0
-590.0
1062.5
775.0
1885.0
-2115.0
3035.0
3027.5
5680.0
-617.5
745.0
-1422.5
1087.5
-1077.5
-542.5
1912.5
-875.0
2870.0
-240.0
690.0
-930.0
2265.0
530.0
2097.5
-1035.0
2242.5
960.0
570.0
-585.0
747.5
1115.0
-815.0
6190.0
1767.5
-2405.0
1455.0
-780.0
1180.0
135.0
-4035.0
3775.0
-477.5
-155.0
-1762.5
2742.5
312.5
-45.0
-3112.5
-92.5
417.5
1430.0
-490.0
140.0
2357.5
2115.0
1730.0
3297.5
1047.5
-80.0
1380.0
-760.0
1002.5
307.5
977.5
-115.0
-1320.0
10.0
2247.5
-185.0
190.0
-1637.5
-537.5
850.0
-370.0
-22.5
-887.5
-845.0
-2065.0
-562.5
1992.5
1965.0
1557.5
1410.0
-890.0
-677.5
-92.5
-4185.0
4010.0
1142.5
-1807.5
-25.0
235.0
652.5
-722.5
-1817.5
1155.0
2815.0
2862.5
-2720.0
1365.0
-4052.5
545.0
-882.5
-647.5
-1817.5
-127.5
1080.0
-2577.5
-1057.5
625.0
-1055.0
-2122.5
2377.5
155.0
2562.5
2942.5
1740.0
2785.0
1980.0
1832.5
-817.5
32.5
-4087.5
-5790.0
1297.5
-142.5
3125.0
1512.5
-1487.5
-62.5
1630.0
-1355.0
3607.5
-317.5
-2035.0
-557.5
-1625.0
-2355.0
-2857.5
-6587.5
-790.0
765.0
1452.5
617.5
-4137.5
-1277.5
-1845.0
-1445.0
-1135.0
-522.5
1315.0
432.5
-3110.0
-1537.5
-905.0
1497.5
447.5
-2427.5
135.0
-1712.5
-1452.5
-295.0
5205.0
-1885.0
1555.0
840.0
-2867.5
2447.5
-1162.5
487.5
2767.5
-502.5
3915.0
-1447.5
-3822.5
2182.5
-972.5
-2695.0
-4050.0
6160.0
-1060.0
4977.5
462.5
2577.5
5.0
3935.0
-3247.5
-2760.0
-1650.0
-3602.5
-350.0
-1727.5
242.5
2335.0
-140.0
3935.0
-347.5
1820.0
425.0
-530.0
-1712.5
-2527.5
1095.0
335.0
3537.5
5880.0
-1420.0
-122.5
1220.0
2152.5
1875.0
-1770.0
1045.0
-820.0
-400.0
-4500.0
-1275.0
1080.0
1340.0
-390.0
-1790.0
-1902.5
1620.0
1230.0
-1107.5
-4020.0
-710.0
2782.5
4470.0
-2412.5
-932.5
177.5
3620.0
2155.0
2172.5
-2602.5
3380.0
-1260.0
-1887.5
2815.0
-1802.5
-2015.0
-580.0
335.0
335.0
-2267.5
2642.5
-1027.5
385.0
-1067.5
-2140.0
287.5
882.5
3257.5
912.5
-2472.5
1285.0
-357.5
-2290.0
-1910.0
2407.5
-880.0
3150.0
-75.0
-4425.0
2567.5
1357.5
-2092.5
2975.0
3287.5
-727.5
1397.5
4917.5
-1350.0
3247.5
-612.5
1412.5
-2880.0
3340.0
-5.0
1322.5
6075.0
-597.5
550.0
-372.5
-70.0
522.5
-730.0
-1435.0
-2145.0
-1247.5
1707.5
1220.0
850.0
-1987.5
-850.0
242.5
297.5
5975.0
582.5
-110.0
-1257.5
260.0
1567.5
3275.0
3190.0
-65.0
977.5
1995.0
-1142.5
262.5
1042.5
1595.0
602.5
-622.5
1707.5
1910.0
5.0
-77.5
-2130.0
237.5
3337.5
-222.5
1110.0
702.5
1027.5
25.0
4427.5
-280.0
3075.0
872.5
-222.5
-1152.5
3575.0
2102.5
6312.5
5442.5
3287.5
1390.0
-3432.5
-475.0
-152.5
137.5
1202.5
3805.0
-3567.5
-430.0
-1515.0
1907.5
-1245.0
455.0
-342.5
-2372.5
-765.0
2810.0
-1177.5
-1180.0
1790.0
-4312.5
-4645.0
-1272.5
415.0
-1580.0
-2025.0
1347.5
2425.0
2420.0
3050.0
-742.5
1825.0
2117.5
7287.5
-470.0
-10.0
-317.5
3040.0
1232.5
665.0
-2882.5
2615.0
2070.0
1402.5
15.0
2312.5
2775.0
-1127.5
1087.5
900.0
2400.0
-367.5
-62.5
360.0
-505.0
1787.5
1610.0
407.5
2270.0
1357.5
-3270.0
100.0
150.0
387.5
875.0
-485.0
2612.5
-2135.0
-595.0
190.0
3472.5
2255.0
-1955.0
2202.5
1582.5
-212.5
345.0
1147.5
2475.0
330.0
-1150.0
1850.0
1232.5
17.5
-1575.0
-567.5
-1862.5
-460.0
-1435.0
-3245.0
-2132.5
4295.0
-72.5
-2612.5
1455.0
-742.5
1250.0
2557.5
565.0
-1400.0
780.0
-1995.0
-772.5
-1885.0
2037.5
2290.0
-460.0
747.5
-1035.0
1762.5
3437.5
1522.5
4360.0
195.0
-405.0
-2957.5
907.5
-892.5
362.5
587.5
-2277.5
1082.5
840.0
740.0
-790.0
1957.5
-1290.0
-4497.5
5727.5
597.5
250.0
-1360.0
152.5
-1865.0
3837.5
1575.0
2595.0
-2555.0
517.5
1860.0
422.5
72.5
-667.5
-1107.5
-2605.0
-1992.5
4610.0
3652.5
-5295.0
-5005.0
880.0
-1415.0
1820.0
1157.5
-902.5
-600.0
467.5
455.0
-592.5
937.5
147.5
2607.5
-87.5
1842.5
-2667.5
1697.5
50.0
1365.0
-992.5
462.5
-2675.0
3062.5
-1307.5
2107.5
2842.5
-1622.5
4037.5
2092.5
-1792.5
-567.5
4235.0
2815.0
-3392.5
-2410.0
-477.5
662.5
2862.5
-1040.0
1372.5
-3005.0
-3717.5
1452.5
-272.5
1797.5
-2132.5
-247.5
2025.0
-50.0
-1042.5
1307.5
2160.0
2497.5
1042.5
907.5
-1232.5
-3257.5
1917.5
930.0
1882.5
4162.5
-1490.0
-660.0
1157.5
-2130.0
1962.5
2317.5
-3552.5
-1872.5
-660.0
-112.5
2215.0
-1800.0
3070.0
1095.0
2542.5
4947.5
4715.0
-3460.0
67.5
-2865.0
-1492.5
4417.5
-310.0
857.5
-235.0
592.5
-4330.0
-690.0
-1540.0
1650.0
1847.5
310.0
-2307.5
2317.5
2592.5
-1660.0
1600.0
-1050.0
-135.0
-1262.5
1347.5
-632.5
4497.5
455.0
2022.5
5497.5
4620.0
2767.5
325.0
-1905.0
-1855.0
-1832.5
212.5
-592.5
-362.5
-1540.0
485.0
4132.5
-5685.0
615.0
-1192.5
-1290.0
2090.0
-860.0
1320.0
-1117.5
-5932.5
12.5
3710.0
437.5
220.0
1245.0
72.5
205.0
3825.0
-332.5
392.5
2687.5
-2355.0
-1437.5
177.5
1600.0
1810.0
7305.0
-767.5
3552.5
2417.5
395.0
3455.0
-660.0
1705.0
-445.0
2780.0
-445.0
-27.5
-1377.5
-820.0
-1412.5
672.5
2975.0
-2945.0
-1755.0
-2627.5
-1225.0
-3695.0
232.5
-2405.0
-952.5
1487.5
2090.0
-2902.5
-267.5
-1915.0
4447.5
607.5
1065.0
185.0
362.5
747.5
-2995.0
-5562.5
-3167.5
-4527.5
-572.5
1537.5
357.5
-3190.0
-2247.5
3815.0
1900.0
135.0
1067.5
-1002.5
-2085.0
-45.0
1777.5
-442.5
1615.0
1010.0
90.0
1160.0
-747.5
-1097.5
417.5
1647.5
-1030.0
-1905.0
-1180.0
4042.5
807.5
2492.5
-137.5
2597.5
2337.5
-320.0
1067.5
325.0
1257.5
710.0
-1197.5
3337.5
-232.5
-3800.0
-1015.0
2150.0
1010.0
-327.5
-3285.0
5417.5
-4647.5
3035.0
-2175.0
1272.5
4912.5
-4617.5
1327.5
-765.0
-2812.5
-382.5
1157.5
-2305.0
622.5
222.5
-2335.0
182.5
-1430.0
-1850.0
-4827.5
242.5
-2657.5
3472.5
1082.5
1162.5
3467.5
3600.0
-3192.5
810.0
-412.5
-252.5
510.0
597.5
-490.0
-3925.0
3080.0
-670.0
-2877.5
255.0
-1530.0
792.5
-120.0
1477.5
797.5
1655.0
-490.0
-687.5
-995.0
-4637.5
2265.0
-1845.0
632.5
-2860.0
-800.0
-205.0
1242.5
-655.0
2057.5
-995.0
-2272.5
-1692.5
-752.5
-815.0
-1600.0
470.0
-1320.0
3595.0
2902.5
-2205.0
835.0
417.5
1792.5
577.5
-717.5
527.5
-810.0
-1105.0
-1745.0
3240.0
1175.0
2802.5
-1197.5
-725.0
1897.5
970.0
2665.0
-927.5
2405.0
3572.5
5350.0
-1057.5
2990.0
-3380.0
-2812.5
3490.0
-1047.5
2090.0
-562.5
2087.5
1102.5
-825.0
1765.0
520.0
-1382.5
345.0
2130.0
-947.5
-1205.0
2225.0
1000.0
2730.0
-3837.5
1665.0
-2675.0
-1335.0
2197.5
-1940.0
657.5
125.0
3195.0
-1987.5
1042.5
-2802.5
-3567.5
-327.5
880.0
1000.0
890.0
3347.5
-970.0
-655.0
-485.0
917.5
-245.0
1840.0
310.0
1837.5
-2327.5
840.0
-3172.5
160.0
-1005.0
-777.5
-2495.0
1127.5
-1147.5
1347.5
-700.0
455.0
-1597.5
492.5
1425.0
-225.0
1500.0
1550.0
242.5
72.5
767.5
1285.0
2235.0
1087.5
352.5
-1942.5
2120.0
-1465.0
-3205.0
-70.0
2927.5
-362.5
1980.0
1620.0
-145.0
1040.0
-172.5
-1025.0
-1922.5
-2550.0
-1060.0
-1105.0
-3160.0
1970.0
-2552.5
-542.5
-947.5
-897.5
1732.5
607.5
687.5
-40.0
-6240.0
-597.5
-37.5
-1287.5
-97.5
815.0
-1787.5
442.5
2982.5
142.5
440.0
110.0
2372.5
-702.5
-2900.0
2975.0
-430.0
170.0
257.5
-1612.5
1097.5
2947.5
-272.5
-3165.0
-1710.0
-362.5
-1900.0
1862.5
4650.0
72.5
980.0
1965.0
52.5
-3187.5
-1125.0
-957.5
-1522.5
-465.0
-262.5
-50.0
1855.0
6472.5
-1877.5
-1452.5
2377.5
1937.5
5967.5
170.0
1035.0
-315.0
-1435.0
-977.5
1860.0
360.0
-695.0
60.0
1580.0
1040.0
6040.0
162.5
-2150.0
3085.0
-75.0
4880.0
-3000.0
1980.0
2185.0
715.0
-55.0
-1750.0
-922.5
-3602.5
647.5
920.0
3840.0
-3277.5
-1885.0
2050.0
-1607.5
-3472.5
1235.0
-1842.5
-117.5
-555.0
1612.5
1525.0
3267.5
1015.0
525.0
-1777.5
4060.0
-445.0
3470.0
405.0
-522.5
-4160.0
1072.5
-3237.5
147.5
745.0
470.0
-2017.5
1080.0
2595.0
47.5
-4000.0
1527.5
-267.5
1940.0
-260.0
-1850.0
-2427.5
-840.0
-5202.5
2675.0
1450.0
690.0
105.0
435.0
-782.5
2372.5
-5490.0
1297.5
1780.0
3455.0
-2412.5
-2372.5
1260.0
-3102.5
2397.5
-152.5
1010.0
1227.5
3480.0
-52.5
700.0
-2457.5
-3387.5
2015.0
-640.0
1850.0
-1132.5
-2215.0
575.0
2875.0
350.0
1105.0
200.0
487.5
112.5
555.0
-1835.0
-1062.5
2077.5
-210.0
2012.5
-1960.0
-422.5
2210.0
-410.0
1567.5
2582.5
300.0
-25.0
5177.5
1425.0
60.0
-2597.5
-1035.0
1962.5
1762.5
2775.0
-440.0
2005.0
-415.0
1752.5
445.0
3607.5
477.5
490.0
3052.5
1820.0
-3552.5
-977.5
667.5
-3857.5
-1490.0
-2027.5
-3550.0
672.5
4430.0
1205.0
-967.5
3300.0
142.5
-5170.0
1675.0
490.0
-872.5
3795.0
-1307.5
115.0
-4135.0
1535.0
392.5
-5660.0
222.5
945.0
-1255.0
1232.5
3102.5
217.5
4295.0
797.5
1350.0
-2897.5
-4420.0
2817.5
-1257.5
-177.5
-2140.0
-2562.5
887.5
3090.0
2547.5
285.0
1322.5
3535.0
2180.0
-185.0
1935.0
1332.5
1100.0
-1462.5
-652.5
3835.0
1095.0
-282.5
2422.5
195.0
-1532.5
2015.0
577.5
1340.0
-5310.0
3662.5
210.0
2310.0
-2415.0
-155.0
957.5
565.0
235.0
1835.0
-1530.0
7087.5
-2105.0
527.5
1807.5
2715.0
-3162.5
2112.5
4425.0
-1762.5
4470.0
1717.5
4240.0
717.5
2037.5
2725.0
1610.0
1937.5
2387.5
-272.5
1972.5
-785.0
-2387.5
-665.0
-4135.0
780.0
337.5
812.5
1705.0
-2032.5
775.0
395.0
-820.0
282.5
-1332.5
125.0
1442.5
-807.5
392.5
507.5
2015.0
4222.5
5027.5
1337.5
1105.0
2947.5
-3077.5
697.5
-1097.5
1762.5
240.0
-3472.5
2887.5
-860.0
1855.0
-842.5
-50.0
-1492.5
-1597.5
3332.5
720.0
-3415.0
2635.0
780.0
-1247.5
555.0
-302.5
-1272.5
1625.0
-402.5
-1300.0
1277.5
1207.5
-1635.0
1435.0
-675.0
2657.5
2080.0
-675.0
-865.0
3800.0
570.0
430.0
-1090.0
-1257.5
1755.0
-937.5
-2105.0
1497.5
-367.5
-1960.0
6205.0
2507.5
930.0
-1555.0
2232.5
-505.0
1927.5
-630.0
2410.0
702.5
540.0
-1075.0
-737.5
-5712.5
-5625.0
3785.0
-4822.5
1735.0
-1082.5
-1150.0
3990.0
-1835.0
-2540.0
5695.0
-1287.5
2137.5
-940.0
142.5
-717.5
2250.0
115.0
842.5
2550.0
-577.5
2557.5
-987.5
-967.5
-932.5
197.5
757.5
1565.0
1490.0
-195.0
835.0
-652.5
-3597.5
1512.5
375.0
2495.0
362.5
5412.5
155.0
-142.5
-3432.5
120.0
-235.0
4102.5
2912.5
3070.0
302.5
2327.5
-560.0
1560.0
1442.5
1355.0
1862.5
-3342.5
1955.0
1780.0
-2912.5
3045.0
2355.0
-930.0
1862.5
132.5
-1360.0
-3877.5
662.5
2065.0
2525.0
-4047.5
-1120.0
1252.5
3540.0
-1187.5
3282.5
1117.5
3112.5
1557.5
3610.0
-3035.0
-2660.0
-832.5
2947.5
-2642.5
4352.5
347.5
3115.0
242.5
4095.0
-3130.0
727.5
2262.5
-1700.0
-2410.0
-775.0
2645.0
1425.0
-1120.0
705.0
1815.0
-620.0
-972.5
-722.5
1807.5
1207.5
3057.5
-107.5
-4072.5
4300.0
-1985.0
750.0
3492.5
262.5
3487.5
-440.0
2702.5
70.0
-4607.5
-1462.5
520.0
1022.5
-1465.0
1712.5
3242.5
2880.0
-2140.0
1567.5
4052.5
200.0
785.0
1835.0
1400.0
565.0
-1702.5
2387.5
835.0
525.0
1435.0
-992.5
3810.0
1447.5
-2147.5
170.0
942.5
322.5
902.5
-1390.0
-3145.0
-1227.5
295.0
1015.0
3942.5
-65.0
-250.0
952.5
410.0
1980.0
1400.0
772.5
-935.0
2475.0
-2070.0
2590.0
1302.5
-4607.5
-1002.5
-3930.0
-1382.5
920.0
3237.5
4722.5
1100.0
-985.0
-252.5
357.5
-3282.5
-1052.5
-1982.5
-225.0
752.5
980.0
432.5
-2205.0
1190.0
130.0
-1015.0
-995.0
-3172.5
-2100.0
-1825.0
660.0
-1272.5
2467.5
-1185.0
-825.0
800.0
-917.5
-2280.0
217.5
607.5
2370.0
3930.0
3082.5
1527.5
132.5
-1202.5
-202.5
450.0
2242.5
-3110.0
4432.5
1010.0
-715.0
4012.5
-1472.5
2370.0
-1870.0
925.0
787.5
-487.5
1810.0
495.0
2702.5
3120.0
295.0
275.0
-615.0
-2555.0
-2840.0
900.0
-667.5
6077.5
-452.5
1887.5
2940.0
1057.5
2672.5
212.5
-420.0
2252.5
1367.5
810.0
2480.0
3880.0
3470.0
1305.0
-2560.0
2800.0
-202.5
-387.5
-430.0
-2590.0
-1707.5
-1255.0
4647.5
1327.5
-1220.0
-770.0
-2577.5
-965.0
622.5
225.0
-125.0
-287.5
-2270.0
-767.5
917.5
1632.5
-2560.0
4632.5
-1635.0
-97.5
-437.5
-700.0
712.5
845.0
1162.5
1712.5
92.5
3680.0
942.5
-165.0
200.0
-1510.0
-5745.0
-877.5
1480.0
822.5
-6265.0
662.5
-1022.5
3970.0
45.0
990.0
-162.5
-1207.5
-742.5
-710.0
-402.5
-645.0
2237.5
-270.0
-625.0
-2575.0
865.0
922.5
540.0
1787.5
-2742.5
1615.0
-1267.5
1052.5
-2085.0
1452.5
857.5
-2422.5
-635.0
-5477.5
-1555.0
3142.5
-1002.5
-1165.0
862.5
-860.0
-4845.0
-570.0
847.5
1550.0
-857.5
-1572.5
257.5
1107.5
2032.5
287.5
-2100.0
2312.5
1120.0
595.0
257.5
-540.0
432.5
-2207.5
-5380.0
2460.0
-3597.5
-3282.5
1600.0
-3417.5
2667.5
447.5
-2050.0
1575.0
-630.0
3665.0
-1562.5
1402.5
-1687.5
375.0
-2140.0
-1382.5
1935.0
-277.5
1217.5
-3350.0
-640.0
720.0
5087.5
912.5
2415.0
-20.0
710.0
-547.5
3217.5
-4472.5
-1257.5
1397.5
1325.0
-3917.5
2140.0
2995.0
412.5
2045.0
2232.5
-927.5
4132.5
-2127.5
-795.0
-1392.5
555.0
-1097.5
787.5
-4215.0
1505.0
927.5
1597.5
-2730.0
2625.0
2347.5
-1200.0
-2545.0
-475.0
1952.5
3317.5
-1095.0
-142.5
2020.0
4257.5
1022.5
542.5
-305.0
802.5
-1202.5
4580.0
110.0
-282.5
1570.0
1697.5
870.0
2512.5
-3812.5
1362.5
2615.0
-500.0
-1447.5
-2072.5
882.5
170.0
-2047.5
-202.5
5085.0
2745.0
-1447.5
-1525.0
-790.0
-212.5
-222.5
-4165.0
2400.0
175.0
3342.5
1335.0
4207.5
-2040.0
645.0
3335.0
837.5
297.5
547.5
1880.0
592.5
2732.5
857.5
-1082.5
-2050.0
-3482.5
3005.0
290.0
20.0
822.5
230.0
-1122.5
-1505.0
-1735.0
-2097.5
-490.0
-1197.5
-572.5
-2092.5
2172.5
-250.0
-1322.5
3295.0
-422.5
1885.0
-2985.0
277.5
-2827.5
397.5
-560.0
-5765.0
1285.0
3340.0
-490.0
-4032.5
1672.5
-3647.5
-1852.5
1245.0
1487.5
-1710.0
-452.5
1855.0
3455.0
972.5
1900.0
2907.5
-1585.0
-67.5
145.0
35.0
-4377.5
-1020.0
1780.0
2557.5
832.5
6420.0
4505.0
1670.0
-1510.0
202.5
1500.0
510.0
1885.0
652.5
-2507.5
12.5
-500.0
-37.5
-1012.5
525.0
-5.0
4125.0
1472.5
1595.0
-1395.0
1102.5
1032.5
2552.5
3837.5
2400.0
547.5
1457.5
115.0
102.5
967.5
-337.5
-2555.0
3800.0
-1285.0
767.5
-2340.0
12.5
130.0
-155.0
-2135.0
2952.5
-207.5
1732.5
1455.0
2377.5
872.5
-930.0
-52.5
-1432.5
3975.0
-2682.5
-300.0
137.5
665.0
540.0
-525.0
342.5
-3125.0
2795.0
-2525.0
-292.5
3012.5
1530.0
307.5
-2145.0
1772.5
1140.0
867.5
1062.5
1615.0
705.0
155.0
1077.5
167.5
440.0
-2997.5
-1572.5
1312.5
512.5
-1295.0
2822.5
-3072.5
1030.0
1532.5
1172.5
-1920.0
-2075.0
-4792.5
-895.0
1732.5
-1742.5
-180.0
-4252.5
1240.0
-287.5
-785.0
-1432.5
-715.0
-925.0
-572.5
-2237.5
1097.5
117.5
-1335.0
-2237.5
-210.0
305.0
-2512.5
1287.5
-1400.0
625.0
-855.0
2062.5
-2000.0
-2825.0
2.5
-1312.5
1920.0
-1292.5
3200.0
-2335.0
1110.0
-2182.5
1940.0
-355.0
-1525.0
-2395.0
2865.0
3650.0
-1592.5
-222.5
812.5
1555.0
2667.5
-537.5
-522.5
1382.5
545.0
-980.0
1432.5
1177.5
3192.5
2522.5
-2690.0
2582.5
-2447.5
-17.5
-3207.5
1467.5
462.5
-1252.5
-825.0
-7.5
1862.5
2785.0
-7.5
-250.0
1667.5
1507.5
2285.0
-637.5
-250.0
1835.0
-1685.0
-1967.5
-877.5
620.0
1920.0
-2192.5
-125.0
1032.5
-3522.5
-1565.0
-1597.5
862.5
175.0
2830.0
5565.0
1872.5
-2120.0
-2632.5
-190.0
-1957.5
-1327.5
1160.0
-1085.0
65.0
-612.5
2372.5
-2280.0
715.0
780.0
1560.0
907.5
1237.5
622.5
32.5
1145.0
2990.0
2792.5
-1570.0
3842.5
-2035.0
-365.0
4085.0
-1020.0
1537.5
880.0
-1490.0
-5610.0
3667.5
-2232.5
657.5
1807.5
-1155.0
4220.0
1247.5
-3000.0
5.0
1597.5
1990.0
-2207.5
1287.5
-3887.5
805.0
667.5
1570.0
-117.5
4615.0
3477.5
-35.0
-285.0
-577.5
235.0
747.5
-152.5
-1047.5
1890.0
-4157.5
135.0
-862.5
222.5
227.5
2900.0
-602.5
707.5
-885.0
2765.0
720.0
205.0
345.0
-1142.5
382.5
1867.5
-327.5
3397.5
-2610.0
-2477.5
-605.0
1370.0
1695.0
-280.0
1505.0
1860.0
1047.5
-777.5
3545.0
577.5
990.0
-3777.5
-522.5
1317.5
37.5
642.5
35.0
-970.0
-2242.5
602.5
-1392.5
-2255.0
700.0
-300.0
-32.5
-3760.0
-685.0
770.0
1665.0
-15.0
1682.5
1865.0
-1430.0
537.5
1957.5
5002.5
-4087.5
-87.5
-3022.5
-2532.5
-4172.5
125.0
37.5
1895.0
-132.5
2775.0
2185.0
-1462.5
842.5
1372.5
-2537.5
2110.0
-10.0
1915.0
-105.0
-2202.5
-1945.0
-585.0
975.0
-1320.0
672.5
727.5
-485.0
2140.0
350.0
-5022.5
4270.0
-1832.5
577.5
1752.5
3035.0
3095.0
967.5
-72.5
520.0
-4632.5
2545.0
-2870.0
2017.5
572.5
2885.0
1115.0
-2217.5
1192.5
1262.5
3155.0
2542.5
-150.0
3077.5
972.5
-9530.0
-1982.5
3977.5
1530.0
-127.5
3595.0
-390.0
-317.5
1600.0
1150.0
1680.0
-155.0
1020.0
-1710.0
-6037.5
-615.0
4640.0
90.0
-1630.0
1182.5
-3972.5
-1947.5
812.5
-2612.5
-855.0
1135.0
1830.0
2565.0
-342.5
1600.0
2965.0
840.0
397.5
2530.0
382.5
1832.5
990.0
-60.0
1555.0
6255.0
-762.5
362.5
-230.0
-1882.5
1877.5
1030.0
642.5
-255.0
1627.5
107.5
-655.0
1242.5
-1512.5
-622.5
992.5
-237.5
432.5
1570.0
147.5
-877.5
-910.0
-102.5
-17.5
2810.0
2172.5
1880.0
2605.0
1172.5
-5890.0
-1442.5
502.5
-2875.0
2382.5
1422.5
685.0
-2132.5
782.5
-937.5
4475.0
-955.0
-2710.0
-412.5
4005.0
1757.5
3910.0
-2420.0
245.0
1400.0
-965.0
-212.5
280.0
-1202.5
2285.0
-727.5
-1715.0
1797.5
4047.5
4822.5
802.5
-1400.0
2.5
587.5
222.5
142.5
-1460.0
2405.0
-1607.5
2317.5
987.5
-370.0
777.5
-1672.5
-292.5
2380.0
632.5
1310.0
-1975.0
632.5
-1782.5
-3722.5
-157.5
-4170.0
1077.5
-2612.5
2432.5
197.5
-1627.5
2465.0
1870.0
-1987.5
-930.0
-80.0
-2392.5
2202.5
-1260.0
2247.5
-4540.0
-107.5
742.5
910.0
545.0
2690.0
-2877.5
1795.0
2910.0
3952.5
-3700.0
1720.0
27.5
-2215.0
-4277.5
-427.5
1535.0
-1215.0
-42.5
1980.0
2260.0
-1235.0
-525.0
2462.5
1065.0
-1510.0
540.0
357.5
2147.5
1022.5
1707.5
-42.5
-167.5
-5045.0
-3122.5
-2312.5
1967.5
1007.5
-3375.0
2667.5
-267.5
-2320.0
2020.0
70.0
-262.5
3705.0
2227.5
2540.0
-682.5
-685.0
-97.5
-1417.5
147.5
312.5
-3777.5
2532.5
-1325.0
-1015.0
-485.0
2027.5
2477.5
1240.0
-10.0
-592.5
1487.5
-792.5
1295.0
-625.0
3242.5
-1182.5
3905.0
-1852.5
455.0
25.0
-1430.0
302.5
312.5
-2537.5
3127.5
670.0
-320.0
-670.0
3667.5
-1972.5
1590.0
-2940.0
-2290.0
-2122.5
-822.5
-2415.0
1525.0
-2342.5
3620.0
62.5
1097.5
1520.0
3170.0
-1537.5
-3067.5
372.5
570.0
-535.0
-55.0
2562.5
1335.0
2592.5
3855.0
2440.0
477.5
1757.5
15.0
-247.5
2140.0
347.5
1522.5
92.5
-1360.0
1420.0
2867.5
4835.0
-2952.5
1297.5
1425.0
4072.5
-745.0
820.0
-2107.5
-3462.5
-2267.5
672.5
1240.0
-652.5
-632.5
1097.5
-87.5
1122.5
302.5
2570.0
-1752.5
667.5
-627.5
-765.0
2555.0
-2205.0
565.0
4112.5
200.0
1502.5
1737.5
7765.0
-337.5
-57.5
-1937.5
2325.0
1070.0
2322.5
-417.5
-3382.5
2132.5
790.0
1370.0
4020.0
-1502.5
-6027.5
287.5
-150.0
-250.0
1995.0
-2177.5
4352.5
-1465.0
1617.5
1712.5
1742.5
-1615.0
-235.0
-972.5
-2732.5
-710.0
3750.0
-85.0
-95.0
-2055.0
-860.0
320.0
605.0
822.5
-1297.5
-430.0
-1185.0
-90.0
-3150.0
-650.0
-1547.5
802.5
35.0
432.5
9330.0
-12.5
1397.5
250.0
40.0
-1885.0
-130.0
127.5
2852.5
-1337.5
332.5
1437.5
-2050.0
2140.0
-790.0
4357.5
105.0
1760.0
942.5
120.0
240.0
-1017.5
-377.5
937.5
1195.0
1992.5
2515.0
-1545.0
2540.0
1527.5
4430.0
2850.0
635.0
-1180.0
665.0
-1940.0
655.0
1570.0
6752.5
-487.5
27.5
-1917.5
2747.5
1167.5
4267.5
-1000.0
-727.5
477.5
1627.5
-475.0
-2402.5
1125.0
272.5
-1680.0
-2510.0
-20.0
1795.0
-977.5
2837.5
3170.0
-1145.0
-232.5
1557.5
-1007.5
-1570.0
237.5
6170.0
-360.0
1145.0
432.5
-747.5
70.0
-270.0
4090.0
97.5
3615.0
-807.5
2552.5
625.0
980.0
2037.5
1760.0
990.0
-4447.5
-1430.0
-2710.0
-700.0
330.0
-605.0
4097.5
885.0
3100.0
-1010.0
3365.0
3880.0
1752.5
-3917.5
-2507.5
2440.0
-3437.5
230.0
-607.5
1372.5
3635.0
-822.5
-1510.0
1452.5
2105.0
-165.0
4395.0
1837.5
-792.5
910.0
1772.5
-1812.5
-612.5
637.5
37.5
-365.0
-1160.0
875.0
-862.5
2917.5
-407.5
-647.5
-525.0
-1307.5
1925.0
1670.0
-995.0
1557.5
190.0
2192.5
-1290.0
1475.0
-3875.0
1747.5
2937.5
1415.0
1625.0
-3527.5
-817.5
-195.0
-3372.5
1935.0
3925.0
-1017.5
4155.0
-847.5
-1072.5
-1362.5
-95.0
2245.0
-1670.0
-162.5
2692.5
1090.0
-1017.5
530.0
377.5
1375.0
1155.0
2352.5
-407.5
-890.0
-2090.0
327.5
-425.0
7490.0
-627.5
1817.5
2727.5
1815.0
2207.5
375.0
-2372.5
3892.5
1207.5
1172.5
825.0
-4072.5
2065.0
-2400.0
147.5
3027.5
-1067.5
-472.5
-647.5
1130.0
2915.0
-2870.0
-392.5
-1290.0
562.5
905.0
-1830.0
-955.0
600.0
975.0
2037.5
412.5
-830.0
3982.5
2895.0
2692.5
3842.5
2922.5
-180.0
2437.5
1720.0
2125.0
-165.0
875.0
2397.5
755.0
-3550.0
2530.0
1145.0
332.5
-4482.5
2147.5
-857.5
662.5
550.0
-1890.0
940.0
647.5
-1367.5
-337.5
1810.0
307.5
-1612.5
-940.0
3225.0
-607.5
1487.5
335.0
2812.5
2897.5
1260.0
385.0
1152.5
-3507.5
642.5
2465.0
-2140.0
1610.0
-420.0
-3252.5
-627.5
-667.5
3197.5
137.5
3015.0
1440.0
-1695.0
-310.0
-2995.0
-1980.0
4710.0
4712.5
-317.5
-432.5
-2367.5
920.0
1352.5
432.5
-570.0
-807.5
392.5
-257.5
-1485.0
795.0
2362.5
-945.0
1247.5
82.5
975.0
972.5
2182.5
337.5
3442.5
-5137.5
-657.5
977.5
-627.5
142.5
-1007.5
2375.0
-237.5
960.0
-3470.0
-3977.5
1145.0
1010.0
-607.5
-3430.0
2740.0
-1720.0
-170.0
-670.0
-2427.5
-3112.5
4452.5
10.0
-4022.5
-2960.0
-447.5
-1522.5
2522.5
1607.5
-832.5
-485.0
802.5
-3855.0
1087.5
-662.5
-380.0
3665.0
-35.0
-1915.0
-2260.0
4045.0
9057.5
1617.5
2132.5
4037.5
1397.5
-3487.5
-1577.5
-2195.0
-400.0
1192.5
2207.5
1720.0
-1060.0
-415.0
3057.5
3827.5
1205.0
-3630.0
-1552.5
15.0
-1902.5
-2425.0
-1075.0
-665.0
-1097.5
-1110.0
1007.5
-1150.0
-3060.0
487.5
222.5
-1597.5
427.5
442.5
1225.0
-2182.5
-1930.0
375.0
1325.0
5595.0
-1460.0
777.5
-2032.5
-1687.5
1312.5
732.5
-2295.0
-1977.5
6102.5
4530.0
-1782.5
280.0
3790.0
-1047.5
1075.0
1965.0
-4325.0
697.5
-632.5
2497.5
1282.5
-1442.5
512.5
-2022.5
-447.5
527.5
1660.0
1385.0
2987.5
-605.0
2.5
-1847.5
-3795.0
-1245.0
-3840.0
85.0
2535.0
180.0
657.5
4297.5
295.0
-355.0
1690.0
-802.5
-20.0
-685.0
1505.0
267.5
645.0
3922.5
-4970.0
177.5
140.0
-1280.0
1997.5
-3025.0
640.0
2985.0
-1720.0
-1235.0
2277.5
3697.5
1917.5
2425.0
-617.5
-4325.0
3405.0
90.0
235.0
2860.0
57.5
3060.0
-1360.0
-2082.5
-850.0
52.5
92.5
-995.0
990.0
-642.5
-4215.0
2182.5
207.5
-1670.0
497.5
1897.5
-447.5
-265.0
2492.5
1397.5
-1757.5
-6525.0
-805.0
4027.5
1715.0
2052.5
447.5
-2942.5
190.0
-452.5
-1375.0
-3022.5
1275.0
2965.0
-1647.5
155.0
-1212.5
10.0
1340.0
-422.5
2717.5
-1235.0
-650.0
2560.0
650.0
-537.5
1527.5
732.5
1345.0
440.0
-57.5
-1567.5
2737.5
2155.0
-4622.5
3302.5
835.0
-2092.5
-930.0
4927.5
-1872.5
1710.0
1850.0
180.0
3257.5
-1137.5
-4495.0
-1220.0
522.5
-2315.0
1390.0
1732.5
-750.0
197.5
-1855.0
1675.0
-2605.0
420.0
1757.5
-4462.5
1932.5
425.0
3472.5
1142.5
1162.5
-2172.5
-95.0
1522.5
-710.0
1802.5
447.5
-3940.0
597.5
-1160.0
-2657.5
-2062.5
182.5
1587.5
775.0
1070.0
1487.5
2727.5
-1260.0
-170.0
-592.5
-587.5
2382.5
1612.5
277.5
2197.5
-177.5
1872.5
-1612.5
640.0
-2105.0
1895.0
1667.5
1197.5
-715.0
-605.0
-6037.5
1757.5
-1472.5
-782.5
-180.0
3130.0
1350.0
-265.0
2077.5
-1177.5
1477.5
390.0
2875.0
520.0
-1907.5
575.0
937.5
-1317.5
-785.0
-305.0
-2622.5
1855.0
-1720.0
187.5
-707.5
1782.5
197.5
-1082.5
2387.5
-970.0
857.5
-2422.5
3380.0
395.0
-480.0
-1007.5
-717.5
1082.5
-555.0
-272.5
-300.0
-1187.5
157.5
-5060.0
170.0
2252.5
137.5
-2550.0
1767.5
1680.0
1450.0
-167.5
2702.5
432.5
390.0
-1897.5
2962.5
4420.0
-330.0
647.5
4310.0
1055.0
427.5
-2842.5
-1420.0
1377.5
220.0
1520.0
-682.5
3187.5
1662.5
-2320.0
1935.0
-2637.5
5805.0
850.0
2137.5
1217.5
2402.5
787.5
3070.0
-2960.0
-10.0
-3437.5
1142.5
-2740.0
-1937.5
-85.0
3985.0
4830.0
2635.0
1545.0
5047.5
-502.5
3697.5
1025.0
2910.0
-925.0
32.5
-835.0
737.5
892.5
-2665.0
-1742.5
1090.0
1135.0
455.0
-2390.0
-335.0
-3007.5
735.0
1572.5
-1425.0
1830.0
-1320.0
2800.0
587.5
-570.0
1755.0
-395.0
-3612.5
-117.5
482.5
-3147.5
1945.0
-997.5
-922.5
985.0
465.0
762.5
702.5
-2527.5
-1995.0
282.5
810.0
570.0
3890.0
-372.5
942.5
2380.0
-192.5
-1650.0
3300.0
-2932.5
2790.0
2037.5
3865.0
1642.5
2045.0
-467.5
-2657.5
2400.0
740.0
-1822.5
1227.5
-1525.0
-787.5
1562.5
435.0
1772.5
2090.0
1567.5
-2105.0
4837.5
-1137.5
-1412.5
-1490.0
1460.0
1752.5
720.0
107.5
2072.5
2520.0
3965.0
-487.5
502.5
-7032.5
1470.0
3212.5
605.0
312.5
1502.5
780.0
970.0
3667.5
4942.5
2122.5
450.0
-2017.5
1380.0
-427.5
-605.0
677.5
-490.0
842.5
1945.0
-3067.5
3467.5
-1852.5
-3252.5
-3062.5
152.5
732.5
-1450.0
-1197.5
862.5
3770.0
1042.5
2662.5
-2267.5
-300.0
1255.0
887.5
852.5
-1217.5
2737.5
2.5
772.5
-382.5
3147.5
-2635.0
557.5
1295.0
-2185.0
2885.0
190.0
2740.0
582.5
-930.0
2852.5
-1200.0
772.5
-2027.5
630.0
-477.5
-1610.0
1342.5
-1370.0
6100.0
-55.0
-1950.0
2212.5
552.5
1535.0
-425.0
3037.5
602.5
-2505.0
3115.0
1610.0
787.5
-2150.0
2205.0
2577.5
-1010.0
3527.5
-700.0
3112.5
-1030.0
-4872.5
635.0
-287.5
17.5
-3845.0
-220.0
-647.5
1822.5
-1977.5
-2135.0
-2560.0
4200.0
-4022.5
2677.5
50.0
742.5
877.5
100.0
840.0
1350.0
1085.0
-2345.0
-1237.5
-30.0
397.5
-1790.0
-527.5
417.5
-917.5
1630.0
307.5
4372.5
1105.0
122.5
292.5
-935.0
-2177.5
-382.5
-3000.0
2655.0
2262.5
1967.5
260.0
2705.0
-867.5
1737.5
2895.0
860.0
2892.5
4707.5
-45.0
850.0
1597.5
-542.5
-1997.5
-2430.0
1812.5
17.5
1192.5
622.5
-1007.5
1140.0
2630.0
-1360.0
-927.5
-1667.5
-207.5
5467.5
2632.5
335.0
3485.0
-1037.5
2327.5
2480.0
-2212.5
-892.5
312.5
3497.5
2990.0
-2842.5
1070.0
-235.0
3097.5
1750.0
1230.0
3145.0
1790.0
695.0
1155.0
192.5
3292.5
-4007.5
1452.5
1027.5
1072.5
397.5
355.0
-2885.0
2990.0
3790.0
2382.5
-4777.5
1167.5
-2075.0
2677.5
-2257.5
-665.0
-142.5
2722.5
1187.5
3060.0
-2647.5
-62.5
3962.5
-1185.0
1095.0
612.5
-20.0
1507.5
140.0
450.0
-775.0
-2265.0
2025.0
-240.0
-1047.5
1345.0
-3047.5
-1615.0
-547.5
822.5
3407.5
-1552.5
2497.5
-17.5
3897.5
-502.5
2412.5
-285.0
2042.5
-1762.5
1490.0
-530.0
-1612.5
3557.5
357.5
1427.5
467.5
-2770.0
12.5
237.5
-747.5
917.5
295.0
-1482.5
-2057.5
-667.5
-372.5
-2290.0
-860.0
127.5
-1030.0
-4572.5
3425.0
1527.5
-2962.5
2182.5
507.5
-3257.5
2185.0
-182.5
1770.0
-1972.5
-405.0
485.0
2300.0
5617.5
-85.0
777.5
-790.0
1792.5
-1280.0
-2370.0
-1505.0
3262.5
777.5
830.0
-2450.0
-2627.5
-1935.0
885.0
2470.0
4572.5
-2240.0
2552.5
-2487.5
-1592.5
-2340.0
-3490.0
-1917.5
-322.5
-5520.0
345.0
-862.5
3735.0
-3580.0
-495.0
-1380.0
-2167.5
-1140.0
252.5
-1197.5
-3127.5
2320.0
2507.5
-1182.5
5185.0
-232.5
80.0
320.0
3897.5
3665.0
-3482.5
660.0
-615.0
1877.5
-420.0
1090.0
-782.5
-22.5
-7.5
-3270.0
-97.5
1507.5
1537.5
1257.5
-1597.5
-1797.5
777.5
2277.5
1152.5
3082.5
912.5
3402.5
-1282.5
3105.0
10.0
607.5
-395.0
-2765.0
955.0
3967.5
-2537.5
-2130.0
3515.0
-77.5
-1295.0
195.0
1010.0
2837.5
1480.0
2982.5
2172.5
-1070.0
-1465.0
1742.5
852.5
1232.5
1100.0
-7152.5
-285.0
167.5
310.0
-1037.5
1935.0
2335.0
-85.0
740.0
1795.0
887.5
-645.0
-282.5
-1492.5
4475.0
817.5
-405.0
-1252.5
-10.0
-780.0
-1495.0
-497.5
-560.0
2387.5
362.5
1985.0
1230.0
-465.0
-1022.5
-4545.0
-2005.0
-1277.5
-2430.0
4392.5
2937.5
-252.5
972.5
-472.5
-230.0
190.0
-2355.0
1517.5
1395.0
2710.0
1495.0
-930.0
-510.0
1157.5
685.0
-2555.0
1655.0
1682.5
2315.0
805.0
270.0
-252.5
-4807.5
2612.5
-292.5
-435.0
82.5
-770.0
2472.5
-755.0
197.5
-1415.0
-55.0
335.0
-1275.0
1672.5
1555.0
-1107.5
-370.0
1702.5
25.0
857.5
-605.0
-937.5
-55.0
2567.5
2612.5
-907.5
-2102.5
2107.5
2607.5
-577.5
-2205.0
-2195.0
-537.5
277.5
2595.0
270.0
-2815.0
167.5
-1717.5
452.5
-7210.0
-3330.0
-1295.0
3017.5
-677.5
1097.5
1820.0
-1307.5
-2052.5
-1552.5
-1602.5
165.0
2442.5
657.5
4295.0
1422.5
-2195.0
-17.5
900.0
1287.5
72.5
-685.0
-4522.5
780.0
140.0
-1957.5
-6825.0
1075.0
-2947.5
235.0
-860.0
4310.0
-3960.0
-60.0
-27.5
-1840.0
-882.5
-1502.5
2375.0
835.0
1360.0
1575.0
1527.5
2720.0
-625.0
1905.0
3465.0
1350.0
1695.0
-4435.0
1117.5
-1127.5
2570.0
1007.5
-1022.5
2662.5
-655.0
-1652.5
2030.0
-2400.0
-2782.5
3167.5
-657.5
-340.0
2732.5
465.0
-1662.5
-2402.5
2670.0
542.5
1140.0
4297.5
-882.5
-1922.5
47.5
1497.5
560.0
-510.0
-1465.0
-810.0
-2732.5
-175.0
1107.5
-27.5
3075.0
8597.5
-12.5
1820.0
-1337.5
622.5
302.5
-2585.0
-1267.5
1242.5
-25.0
2545.0
2050.0
2022.5
-1212.5
-1827.5
-1930.0
-1307.5
-142.5
3455.0
-337.5
2020.0
1352.5
-3157.5
1560.0
-485.0
2530.0
2985.0
6932.5
-1185.0
-322.5
-1182.5
640.0
-1340.0
547.5
-2592.5
-2990.0
2950.0
737.5
25.0
977.5
682.5
-3277.5
910.0
-2155.0
2275.0
1157.5
-530.0
-4765.0
1925.0
2040.0
1042.5
-5090.0
-2295.0
-5855.0
820.0
1060.0
-380.0
-2570.0
-1135.0
2062.5
292.5
-745.0
-3525.0
-1612.5
1197.5
-2652.5
-680.0
2570.0
602.5
1682.5
-3312.5
-555.0
892.5
1072.5
2930.0
-910.0
-1620.0
-3392.5
-180.0
-92.5
820.0
-212.5
782.5
2942.5
440.0
1572.5
1117.5
2980.0
2120.0
-147.5
1162.5
30.0
350.0
722.5
822.5
1090.0
2275.0
-1115.0
25.0
1242.5
2797.5
-1180.0
-3107.5
2657.5
-67.5
-1820.0
-2375.0
-1420.0
-1957.5
-1005.0
-2457.5
1922.5
1030.0
2122.5
-580.0
-187.5
457.5
2330.0
1090.0
752.5
945.0
772.5
977.5
-1995.0
-1250.0
627.5
1182.5
-2640.0
2160.0
-1195.0
-702.5
1105.0
977.5
1632.5
2810.0
165.0
-1032.5
1645.0
2417.5
-500.0
-415.0
-855.0
-1985.0
3372.5
530.0
-730.0
-3487.5
1002.5
-1430.0
-797.5
-60.0
-1077.5
2352.5
40.0
2725.0
4345.0
-807.5
-132.5
5870.0
-6082.5
2115.0
1637.5
3180.0
3437.5
-80.0
1290.0
-310.0
1502.5
-475.0
-540.0
-5612.5
-97.5
-1250.0
297.5
-762.5
2390.0
1185.0
-1437.5
1547.5
-1712.5
-915.0
-2537.5
-640.0
2315.0
132.5
2662.5
-1690.0
297.5
772.5
1847.5
6760.0
3307.5
-3282.5
-1175.0
1295.0
-482.5
-1507.5
-2897.5
-530.0
-1197.5
2200.0
-2460.0
132.5
5897.5
2805.0
-1742.5
-2367.5
1377.5
687.5
3135.0
2372.5
2415.0
-2470.0
2362.5
-1520.0
2445.0
577.5
1987.5
1112.5
347.5
-1670.0
-650.0
2417.5
-1915.0
1512.5
-207.5
1755.0
-1687.5
-2005.0
462.5
-107.5
1982.5
-527.5
1157.5
-692.5
-490.0
-1487.5
2760.0
-677.5
2517.5
147.5
-852.5
-855.0
-1030.0
-2775.0
-582.5
-1772.5
-985.0
2800.0
2407.5
890.0
-3357.5
3250.0
2160.0
335.0
820.0
3325.0
-225.0
437.5
682.5
337.5
1257.5
1205.0
-135.0
-910.0
-5.0
-1097.5
937.5
-3855.0
-25.0
1345.0
687.5
-445.0
4270.0
-1527.5
3070.0
-92.5
925.0
577.5
-1630.0
1065.0
3452.5
-3125.0
2940.0
-3692.5
1382.5
310.0
1755.0
3405.0
265.0
-457.5
4337.5
-1310.0
-2125.0
-610.0
-1402.5
2220.0
-257.5
-2017.5
-392.5
440.0
267.5
-3117.5
-862.5
1645.0
-3842.5
-2997.5
-3442.5
-267.5
195.0
240.0
6432.5
-2605.0
2737.5
-355.0
-1860.0
-2120.0
3577.5
895.0
-1492.5
-140.0
-290.0
1370.0
-610.0
-2790.0
-4290.0
1070.0
680.0
-1335.0
1910.0
-1292.5
282.5
-2280.0
265.0
3657.5
1107.5
5210.0
3247.5
-125.0
-265.0
1760.0
-2632.5
2150.0
5467.5
587.5
1342.5
-1910.0
375.0
502.5
-967.5
500.0
-587.5
2442.5
-1135.0
1072.5
202.5
362.5
-4070.0
92.5
960.0
445.0
-345.0
-640.0
-1270.0
1037.5
1072.5
-985.0
507.5
-2655.0
632.5
-2520.0
-855.0
-47.5
-2462.5
-2442.5
-847.5
-117.5
1035.0
1515.0
1205.0
-2785.0
3312.5
2992.5
52.5
180.0
2782.5
942.5
-2327.5
-350.0
-3092.5
805.0
-417.5
-172.5
2555.0
-2627.5
965.0
2880.0
-2147.5
1810.0
-212.5
1092.5
-520.0
1327.5
5010.0
275.0
-1910.0
-1910.0
1720.0
890.0
857.5
642.5
-1577.5
2097.5
3057.5
2815.0
510.0
-680.0
837.5
-697.5
605.0
-765.0
60.0
-232.5
-3077.5
-7.5
40.0
-1900.0
1915.0
-4150.0
-1352.5
1940.0
2667.5
1387.5
-462.5
5527.5
1400.0
7062.5
-722.5
1942.5
-312.5
-1432.5
-547.5
2070.0
1300.0
3207.5
1572.5
12.5
-5115.0
-1140.0
260.0
580.0
1987.5
-192.5
-1650.0
-1547.5
1575.0
-1232.5
-3172.5
2652.5
2535.0
2095.0
1412.5
1185.0
-1685.0
1580.0
1177.5
-2015.0
-6585.0
437.5
-90.0
-1797.5
-2695.0
1470.0
-452.5
1410.0
4527.5
-1187.5
-1472.5
2462.5
-1567.5
-1125.0
1580.0
2845.0
-2860.0
-190.0
1290.0
-1015.0
3730.0
242.5
-130.0
-1265.0
307.5
2190.0
-1655.0
-2247.5
-1277.5
197.5
-120.0
3462.5
1552.5
1845.0
-82.5
1312.5
-3567.5
-2302.5
1137.5
-1965.0
1430.0
-7645.0
-2852.5
222.5
4220.0
-865.0
-267.5
1840.0
3442.5
-1010.0
-1000.0
7422.5
-642.5
2682.5
-540.0
1885.0
-282.5
1300.0
3590.0
-332.5
-2907.5
-605.0
-780.0
322.5
-675.0
1080.0
1522.5
4282.5
-2027.5
492.5
4007.5
102.5
1637.5
2592.5
3457.5
-2462.5
-1665.0
-940.0
2502.5
145.0
-897.5
-4620.0
1015.0
645.0
2360.0
972.5
-3182.5
1675.0
-2517.5
-957.5
6500.0
2212.5
235.0
2605.0
-967.5
-3340.0
-420.0
1100.0
-2927.5
-2312.5
585.0
-1845.0
-380.0
-2432.5
800.0
2162.5
1587.5
-1500.0
1335.0
-255.0
1550.0
1220.0
1180.0
60.0
-4472.5
3432.5
570.0
5197.5
410.0
-2770.0
815.0
-1100.0
-52.5
-1885.0
767.5
-3050.0
-607.5
1767.5
-585.0
847.5
-1485.0
-670.0
2312.5
4432.5
2597.5
2107.5
1055.0
-2275.0
1875.0
-592.5
-2075.0
-1887.5
2992.5
270.0
975.0
370.0
775.0
-902.5
-695.0
420.0
-442.5
2635.0
285.0
1130.0
-840.0
-3632.5
2250.0
275.0
-1895.0
-1382.5
-1640.0
1995.0
547.5
1075.0
-170.0
2122.5
587.5
3115.0
765.0
4245.0
2425.0
-2210.0
667.5
840.0
275.0
-55.0
1682.5
3585.0
-2237.5
807.5
-1942.5
3570.0
-670.0
1097.5
3450.0
-1707.5
4487.5
3402.5
2695.0
-3055.0
1335.0
-3995.0
2367.5
2390.0
1195.0
655.0
177.5
740.0
5262.5
-440.0
-4785.0
1507.5
817.5
1572.5
1277.5
-2070.0
-1040.0
-3775.0
4320.0
1477.5
-3472.5
2090.0
675.0
-702.5
-785.0
-2347.5
-552.5
-132.5
262.5
1930.0
3300.0
-1930.0
4317.5
2590.0
-1130.0
-3582.5
52.5
-577.5
-2827.5
1785.0
-637.5
2272.5
-612.5
-335.0
-3170.0
35.0
-3200.0
637.5
3075.0
535.0
-1097.5
275.0
-3405.0
-1107.5
1145.0
-285.0
5297.5
-975.0
1520.0
1747.5
70.0
3267.5
-1935.0
-440.0
395.0
887.5
1160.0
5162.5
1580.0
-752.5
-1227.5
1422.5
2147.5
-1097.5
-2957.5
982.5
-3512.5
1237.5
3620.0
2860.0
2077.5
1702.5
1177.5
2127.5
-167.5
-3370.0
-1672.5
1075.0
-4970.0
2220.0
-530.0
-732.5
-6892.5
-467.5
-420.0
-682.5
-2807.5
1812.5
2107.5
2507.5
-2572.5
-2562.5
130.0
2932.5
-965.0
-1600.0
-3057.5
-505.0
-1455.0
627.5
-1280.0
1665.0
-1310.0
2157.5
2382.5
-132.5
4750.0
3157.5
905.0
695.0
-735.0
-2040.0
-1590.0
657.5
-1465.0
4652.5
482.5
1400.0
2772.5
3377.5
-525.0
-1250.0
1310.0
-417.5
-877.5
-782.5
845.0
-1892.5
-2442.5
-5340.0
-1780.0
-865.0
-857.5
667.5
1912.5
5307.5
515.0
2472.5
-1055.0
-27.5
3160.0
4202.5
3345.0
-382.5
462.5
-2335.0
777.5
185.0
-2.5
-2090.0
-1522.5
-1220.0
-1497.5
1905.0
840.0
-2585.0
-747.5
1435.0
2990.0
-2600.0
-1257.5
342.5
452.5
-1830.0
3177.5
-402.5
2087.5
2285.0
-2465.0
-2460.0
-960.0
447.5
-1915.0
-2065.0
-592.5
-3117.5
-1960.0
3492.5
2.5
-1722.5
-3465.0
-1987.5
-2497.5
-1237.5
-1387.5
1410.0
432.5
-512.5
1882.5
-85.0
-1082.5
1345.0
-2612.5
-1532.5
3220.0
2805.0
-3297.5
-385.0
-1827.5
-472.5
787.5
-1970.0
-65.0
-277.5
4665.0
1512.5
3337.5
-1590.0
-1137.5
942.5
-1435.0
-482.5
475.0
-4555.0
-307.5
-1000.0
1697.5
1317.5
-1887.5
80.0
-382.5
-2255.0
-767.5
-2352.5
980.0
1885.0
292.5
1697.5
-3530.0
2602.5
25.0
645.0
-1495.0
3730.0
2707.5
755.0
-2025.0
277.5
-1010.0
-4955.0
-572.5
-20.0
4465.0
-447.5
-300.0
1445.0
715.0
370.0
-2645.0
2.5
-2257.5
-620.0
2992.5
597.5
935.0
1635.0
-3870.0
620.0
100.0
307.5
-1800.0
2230.0
-2435.0
1792.5
3507.5
1042.5
-557.5
3142.5
-760.0
4335.0
4792.5
-897.5
-270.0
-1077.5
3117.5
200.0
-1645.0
105.0
-1957.5
-75.0
-350.0
1585.0
200.0
1507.5
-3115.0
-3162.5
2290.0
-2170.0
-187.5
522.5
170.0
2385.0
-330.0
1237.5
-385.0
-870.0
-1605.0
-32.5
-525.0
2072.5
-160.0
530.0
-1662.5
165.0
3980.0
172.5
-2945.0
100.0
-4177.5
122.5
1095.0
-1085.0
-842.5
510.0
3450.0
-330.0
-1267.5
2182.5
-760.0
-2097.5
1645.0
4165.0
2705.0
1715.0
-275.0
3317.5
6045.0
-4352.5
4300.0
-1117.5
1595.0
2162.5
-2885.0
760.0
1945.0
-302.5
2197.5
-2910.0
1577.5
5012.5
3720.0
-2357.5
950.0
-297.5
1852.5
3122.5
-1152.5
4662.5
482.5
5445.0
4145.0
-4600.0
482.5
112.5
-1882.5
1835.0
-115.0
2852.5
-157.5
-1182.5
-2205.0
1652.5
235.0
1067.5
1525.0
2060.0
2122.5
-1402.5
3142.5
3995.0
992.5
2747.5
1547.5
1747.5
-835.0
1682.5
1637.5
-337.5
-1472.5
1602.5
-547.5
-980.0
232.5
1577.5
1895.0
-1970.0
-1412.5
-4257.5
1645.0
570.0
540.0
2447.5
545.0
-1680.0
882.5
872.5
1422.5
1322.5
1832.5
82.5
2970.0
1947.5
1805.0
1035.0
3495.0
710.0
-1252.5
2590.0
2015.0
-292.5
-3095.0
-1797.5
1062.5
-1505.0
2387.5
-982.5
2635.0
-4200.0
-1732.5
460.0
-2550.0
2777.5
-2880.0
-1332.5
-1302.5
140.0
1030.0
-1910.0
2645.0
-485.0
232.5
2652.5
-635.0
3755.0
1562.5
1285.0
2562.5
-1512.5
1332.5
3175.0
592.5
-1237.5
1512.5
-547.5
377.5
577.5
-2200.0
1077.5
1272.5
-1882.5
1030.0
665.0
880.0
-4797.5
-3547.5
-2377.5
1390.0
1242.5
2362.5
717.5
-630.0
-1455.0
-2212.5
145.0
-565.0
-165.0
1125.0
-1247.5
1375.0
3822.5
-252.5
1645.0
1030.0
-7672.5
2967.5
2832.5
3265.0
3190.0
-540.0
-1142.5
3852.5
-4070.0
2762.5
-1655.0
-1777.5
1472.5
1702.5
-2435.0
1002.5
-1985.0
-460.0
2312.5
-120.0
510.0
-1667.5
-582.5
2170.0
857.5
3635.0
-595.0
-205.0
3092.5
-2722.5
-1887.5
2295.0
-3165.0
3765.0
-5867.5
240.0
-22.5
4012.5
3017.5
1482.5
-655.0
162.5
-672.5
-1805.0
-615.0
85.0
730.0
2360.0
-702.5
1060.0
1182.5
-30.0
820.0
-1185.0
-210.0
-5422.5
1337.5
1882.5
-2345.0
-315.0
-1445.0
830.0
4255.0
2357.5
-1535.0
90.0
775.0
-2937.5
2322.5
-3700.0
2085.0
-995.0
-42.5
2865.0
3205.0
257.5
-1230.0
990.0
4865.0
-3242.5
2322.5
-1280.0
3007.5
-3132.5
345.0
1342.5
2897.5
-917.5
2875.0
2805.0
-1200.0
1365.0
3705.0
-480.0
-760.0
107.5
455.0
-2070.0
762.5
-2415.0
-2840.0
-267.5
-1002.5
-492.5
-2225.0
3012.5
2787.5
-250.0
-612.5
2250.0
2545.0
-50.0
-1480.0
-560.0
817.5
-455.0
700.0
177.5
1512.5
2865.0
5142.5
1700.0
-932.5
712.5
8792.5
-230.0
810.0
1407.5
1432.5
-2705.0
2182.5
1070.0
667.5
-3902.5
1402.5
-37.5
2085.0
-180.0
-1005.0
-47.5
1077.5
3440.0
825.0
-967.5
-3840.0
-1227.5
-1650.0
415.0
1212.5
45.0
-1205.0
2870.0
-467.5
1382.5
1547.5
2480.0
1520.0
257.5
917.5
-270.0
1385.0
2780.0
2092.5
1330.0
-385.0
4530.0
-1282.5
805.0
1095.0
277.5
-1472.5
135.0
-572.5
-3292.5
370.0
2067.5
1705.0
2787.5
-1497.5
447.5
305.0
3532.5
-1682.5
-2935.0
845.0
-5.0
367.5
-1057.5
-405.0
557.5
-1785.0
-2317.5
-3647.5
-610.0
-2105.0
1177.5
-2210.0
247.5
-95.0
-505.0
597.5
1935.0
-1062.5
2295.0
70.0
-1317.5
-1277.5
-365.0
1255.0
1642.5
2492.5
-67.5
-3267.5
-1482.5
-2502.5
-295.0
-920.0
-3497.5
4730.0
1757.5
2100.0
6187.5
2317.5
605.0
1487.5
-3127.5
-657.5
-3025.0
-495.0
6420.0
600.0
-2587.5
155.0
2567.5
-1180.0
-2970.0
360.0
-290.0
1265.0
930.0
1927.5
-2532.5
1880.0
600.0
1610.0
3627.5
4412.5
3760.0
-3180.0
-320.0
-477.5
332.5
947.5
-750.0
3145.0
215.0
-510.0
942.5
1420.0
-15.0
-2152.5
-5442.5
-610.0
1137.5
1710.0
-537.5
2130.0
900.0
3837.5
-620.0
1832.5
247.5
3867.5
4925.0
1852.5
1602.5
1950.0
-512.5
840.0
-5830.0
1082.5
-1110.0
1577.5
2390.0
-3450.0
80.0
-1192.5
-2177.5
-492.5
-2080.0
-222.5
525.0
-905.0
-2040.0
-385.0
1010.0
1887.5
-3305.0
1255.0
-2442.5
110.0
1772.5
-1477.5
2652.5
-4695.0
965.0
-1272.5
1325.0
-3417.5
460.0
15.0
3685.0
-3925.0
920.0
-1335.0
340.0
1060.0
6727.5
1140.0
-1550.0
-2282.5
2375.0
-415.0
3102.5
4275.0
-862.5
5822.5
-4557.5
-2680.0
4277.5
192.5
-830.0
-3520.0
-357.5
1700.0
1170.0
-2662.5
1380.0
557.5
-1330.0
-1255.0
4032.5
960.0
2695.0
-910.0
1822.5
-102.5
3012.5
-1837.5
-837.5
-37.5
3660.0
-5190.0
2782.5
2395.0
-5660.0
-6397.5
3560.0
1115.0
-3492.5
1602.5
-602.5
1547.5
1297.5
2502.5
647.5
1085.0
3780.0
-2020.0
1005.0
160.0
187.5
5390.0
-1015.0
1592.5
2337.5
-4760.0
1630.0
1865.0
-92.5
480.0
2495.0
2265.0
1887.5
215.0
-422.5
-1397.5
1202.5
1095.0
-2517.5
-1622.5
462.5
1265.0
-1495.0
-4155.0
-1315.0
-137.5
-1815.0
3137.5
2420.0
1042.5
407.5
-160.0
-2065.0
-1715.0
50.0
450.0
-722.5
1212.5
1405.0
2175.0
672.5
1200.0
2400.0
1407.5
-3970.0
-415.0
1212.5
-572.5
-665.0
227.5
-1687.5
1062.5
-140.0
-5202.5
-342.5
3330.0
-2297.5
2740.0
-742.5
1715.0
-1305.0
-1867.5
1525.0
3165.0
842.5
1027.5
-4867.5
2132.5
-665.0
1065.0
3180.0
795.0
442.5
-2002.5
1670.0
-4620.0
-2272.5
-847.5
595.0
-1800.0
1212.5
-867.5
-1700.0
912.5
622.5
-157.5
-197.5
3210.0
-187.5
2945.0
815.0
-2172.5
1447.5
1060.0
2152.5
1045.0
-625.0
-2442.5
-3492.5
2245.0
3720.0
577.5
607.5
-1467.5
452.5
580.0
2402.5
1082.5
3560.0
562.5
305.0
6710.0
-582.5
4362.5
1082.5
-1007.5
-1340.0
-1347.5
1782.5
3130.0
1032.5
545.0
1822.5
4032.5
335.0
